3000 3000
1 1 1361956
2999 2 11847589
3 1 4251603
2997 2 9144043
5 1 2723873
2995 2 3471376
7 1 4429368
2993 2 8338976
9 1 286391
2991 2 11378005
11 1 9346489
2989 2 5528750
13 1 9580639
2987 2 8142201
15 1 10012192
2985 2 7244027
17 1 6932321
2983 2 97235
19 1 9224004
2981 2 7718145
21 1 10839452
2979 2 11032868
23 1 4152471
2977 2 6819440
25 1 8310123
2975 2 5293189
27 1 6011556
2973 2 8224934
29 1 4481084
2971 2 9046429
31 1 12110876
2969 2 5364137
33 1 9467291
2967 2 2634527
35 1 7371487
2965 2 6349712
37 1 6895262
2963 2 3412601
39 1 2419150
2961 2 4154463
41 1 7088568
2959 2 6278771
43 1 2947749
2957 2 3701483
45 1 3888399
2955 2 4758802
47 1 11797182
2953 2 10192959
49 1 2128505
2951 2 5127960
51 1 11600292
2949 2 5241843
53 1 9981763
2947 2 5371725
55 1 10293275
2945 2 5525092
57 1 1473297
2943 2 9729766
59 1 8886116
2941 2 8003227
61 1 3060843
2939 2 6609149
63 1 10793782
2937 2 4450133
65 1 9767721
2935 2 3181329
67 1 4649783
2933 2 5012401
69 1 3987606
2931 2 2870442
71 1 4945490
2929 2 4162852
73 1 398110
2927 2 3377867
75 1 10766621
2925 2 2496405
77 1 8305017
2923 2 11822151
79 1 5057364
2921 2 3134172
81 1 7769396
2919 2 12179148
83 1 8798150
2917 2 11212380
85 1 7955761
2915 2 6949547
87 1 1347903
2913 2 3827182
89 1 3137842
2911 2 8378381
91 1 2225835
2909 2 1738704
93 1 9367983
2907 2 5905137
95 1 6791732
2905 2 12075072
97 1 296024
2903 2 8541140
99 1 4054566
2901 2 1319845
101 1 4022797
2899 2 8818832
103 1 2199280
2897 2 3064733
105 1 849114
2895 2 8227617
107 1 8030592
2893 2 1863695
109 1 6848534
2891 2 3500056
111 1 9288918
2889 2 6379964
113 1 11650199
2887 2 602659
115 1 1558467
2885 2 7820800
117 1 5786023
2883 2 335020
119 1 10256563
2881 2 8037991
121 1 2145940
2879 2 8885306
123 1 3876442
2877 2 960467
125 1 3821406
2875 2 4881569
127 1 206042
2873 2 5536995
129 1 7509923
2871 2 6863734
131 1 110415
2869 2 10629127
133 1 7502195
2867 2 7953170
135 1 10310264
2865 2 6485327
137 1 8731610
2863 2 7276531
139 1 11800027
2861 2 3193190
141 1 10322879
2859 2 10971268
143 1 10563704
2857 2 4884340
145 1 9480366
2855 2 6859603
147 1 8021350
2853 2 4142345
149 1 2046593
2851 2 10984366
151 1 6244556
2849 2 4224033
153 1 4771758
2847 2 2442936
155 1 11405135
2845 2 9152301
157 1 2132766
2843 2 2826974
159 1 7428067
2841 2 8550730
161 1 4910230
2839 2 2621696
163 1 6347420
2837 2 10190801
165 1 9400704
2835 2 7280157
167 1 4455113
2833 2 6376982
169 1 10826598
2831 2 6109702
171 1 6787386
2829 2 6533372
173 1 5428797
2827 2 11119066
175 1 6790787
2825 2 10551037
177 1 4167629
2823 2 3532339
179 1 1647483
2821 2 1174168
181 1 10126335
2819 2 11364125
183 1 3216604
2817 2 5237716
185 1 2638485
2815 2 718803
187 1 8706242
2813 2 3924672
189 1 12066701
2811 2 9888973
191 1 3961622
2809 2 1260864
193 1 4005984
2807 2 11277771
195 1 11629841
2805 2 7051695
197 1 3482946
2803 2 8542181
199 1 698034
2801 2 1693722
201 1 7456877
2799 2 8839797
203 1 633598
2797 2 3789105
205 1 3068520
2795 2 10557468
207 1 9421028
2793 2 1630093
209 1 6468431
2791 2 12067754
211 1 576975
2789 2 10903590
213 1 10672992
2787 2 9135291
215 1 1633939
2785 2 12159777
217 1 4834063
2783 2 467319
219 1 2766399
2781 2 7731314
221 1 9788681
2779 2 7528096
223 1 6296365
2777 2 4601215
225 1 2698887
2775 2 637668
227 1 2305869
2773 2 8490807
229 1 6507551
2771 2 6512730
231 1 10882571
2769 2 8919861
233 1 6990561
2767 2 6135990
235 1 2419245
2765 2 1647302
237 1 2110472
2763 2 7986246
239 1 3184935
2761 2 2323996
241 1 1396969
2759 2 2365502
243 1 2769705
2757 2 409130
245 1 984791
2755 2 1230833
247 1 5981847
2753 2 4055061
249 1 135138
2751 2 3805508
251 1 4727371
2749 2 7503829
253 1 5811585
2747 2 8705742
255 1 2136558
2745 2 8103041
257 1 9749739
2743 2 10565028
259 1 2862990
2741 2 12102760
261 1 9425366
2739 2 9572623
263 1 4986620
2737 2 9083117
265 1 9783218
2735 2 2078181
267 1 10398587
2733 2 4278807
269 1 6785688
2731 2 501677
271 1 8985577
2729 2 9852733
273 1 11975667
2727 2 4117191
275 1 4680361
2725 2 3265223
277 1 5145850
2723 2 775455
279 1 4357270
2721 2 10262618
281 1 7147396
2719 2 11476272
283 1 6659875
2717 2 4076063
285 1 800077
2715 2 411688
287 1 5158084
2713 2 11014742
289 1 6969607
2711 2 8865558
291 1 3506819
2709 2 7371321
293 1 10090607
2707 2 5824148
295 1 4338700
2705 2 12029376
297 1 5396856
2703 2 11834741
299 1 6404771
2701 2 11699337
301 1 7685102
2699 2 11204424
303 1 5893140
2697 2 7697887
305 1 4379847
2695 2 8940664
307 1 10841717
2693 2 8301348
309 1 8090111
2691 2 4734895
311 1 10796006
2689 2 3176096
313 1 7943513
2687 2 6593921
315 1 7439694
2685 2 2273154
317 1 2486029
2683 2 11763504
319 1 8692755
2681 2 8495124
321 1 9724952
2679 2 10936470
323 1 4225645
2677 2 4091559
325 1 8873561
2675 2 3713662
327 1 3383134
2673 2 8336867
329 1 10244907
2671 2 2753158
331 1 7563700
2669 2 10284505
333 1 11755223
2667 2 589425
335 1 10986040
2665 2 11983856
337 1 8237596
2663 2 4265870
339 1 8387327
2661 2 5655562
341 1 114131
2659 2 5755924
343 1 3975560
2657 2 12134547
345 1 6147723
2655 2 2232876
347 1 1820248
2653 2 16869
349 1 2114668
2651 2 8065548
351 1 1884491
2649 2 901771
353 1 12092823
2647 2 6301661
355 1 10304840
2645 2 4078758
357 1 10332408
2643 2 3478362
359 1 1664716
2641 2 7753171
361 1 7152647
2639 2 5016026
363 1 4084313
2637 2 2798267
365 1 134778
2635 2 3990558
367 1 9940127
2633 2 6290528
369 1 4738457
2631 2 11739095
371 1 4598206
2629 2 8722075
373 1 4949
2627 2 9048999
375 1 10033870
2625 2 9498847
377 1 8266363
2623 2 3258401
379 1 10461045
2621 2 8803542
381 1 7417865
2619 2 8950416
383 1 6487260
2617 2 1155952
385 1 7754260
2615 2 906136
387 1 6620168
2613 2 939048
389 1 10947247
2611 2 10816364
391 1 331736
2609 2 6418532
393 1 3114071
2607 2 7721791
395 1 10311503
2605 2 2896441
397 1 10907901
2603 2 3588182
399 1 4950663
2601 2 71104
401 1 1857864
2599 2 3808835
403 1 8260559
2597 2 4825170
405 1 807361
2595 2 4479882
407 1 4965739
2593 2 2988166
409 1 5657683
2591 2 830122
411 1 6430086
2589 2 4902289
413 1 9542542
2587 2 1473423
415 1 7722020
2585 2 2944051
417 1 9690725
2583 2 8740219
419 1 1336314
2581 2 9764574
421 1 3075811
2579 2 11016180
423 1 4556541
2577 2 5803044
425 1 6595599
2575 2 1408553
427 1 1439991
2573 2 10561976
429 1 3560668
2571 2 10184210
431 1 2138666
2569 2 5163785
433 1 9076443
2567 2 2055841
435 1 2188972
2565 2 4479743
437 1 6392489
2563 2 6776773
439 1 8205137
2561 2 5585981
441 1 4860789
2559 2 12144822
443 1 7540333
2557 2 2655989
445 1 1271885
2555 2 5168860
447 1 62537
2553 2 10811547
449 1 4944828
2551 2 11216952
451 1 3828237
2549 2 5322588
453 1 2004305
2547 2 5754664
455 1 3221438
2545 2 4762424
457 1 11216064
2543 2 2586036
459 1 9577130
2541 2 12170485
461 1 6757776
2539 2 11521016
463 1 951159
2537 2 12150127
465 1 3330307
2535 2 6176044
467 1 7402866
2533 2 735934
469 1 9772362
2531 2 1915245
471 1 5199075
2529 2 6041512
473 1 9467146
2527 2 1212994
475 1 11358985
2525 2 2701881
477 1 1065789
2523 2 7157577
479 1 5494948
2521 2 6277144
481 1 6399728
2519 2 10191749
483 1 9830799
2517 2 2770773
485 1 2969778
2515 2 11589027
487 1 8137203
2513 2 7547772
489 1 942689
2511 2 4540581
491 1 7136632
2509 2 10518692
493 1 4386192
2507 2 670820
495 1 2045446
2505 2 11248448
497 1 9081535
2503 2 10568294
499 1 6782361
2501 2 1196560
501 1 5267591
2499 2 5667143
503 1 9885042
2497 2 7853263
505 1 1647735
2495 2 9632312
507 1 1813137
2493 2 7215165
509 1 1576367
2491 2 5288447
511 1 6227036
2489 2 11681552
513 1 10648544
2487 2 8730305
515 1 1668132
2485 2 10696709
517 1 11740691
2483 2 5729694
519 1 10967153
2481 2 7551095
521 1 7268666
2479 2 11515929
523 1 11277166
2477 2 4280961
525 1 10096390
2475 2 4856647
527 1 814521
2473 2 9130941
529 1 419695
2471 2 2728077
531 1 9015361
2469 2 8396734
533 1 10454936
2467 2 9570055
535 1 3721553
2465 2 3726181
537 1 12110384
2463 2 6942519
539 1 870879
2461 2 11271066
541 1 6380363
2459 2 8400506
543 1 11978955
2457 2 5664165
545 1 6075238
2455 2 1951299
547 1 2256999
2453 2 10339446
549 1 5758862
2451 2 10164820
551 1 1934946
2449 2 2253990
553 1 10172725
2447 2 11236404
555 1 9328360
2445 2 8323391
557 1 2213322
2443 2 4884734
559 1 4652423
2441 2 10997377
561 1 11324609
2439 2 4203377
563 1 9247970
2437 2 1713726
565 1 4673556
2435 2 10524184
567 1 10131075
2433 2 5501793
569 1 5198077
2431 2 4745611
571 1 11429255
2429 2 7527040
573 1 10845364
2427 2 11496084
575 1 4991257
2425 2 10631225
577 1 1440609
2423 2 2405399
579 1 3340969
2421 2 7603862
581 1 3124272
2419 2 8874331
583 1 9305238
2417 2 9547659
585 1 7294961
2415 2 7912980
587 1 6313974
2413 2 9152667
589 1 5577031
2411 2 763437
591 1 9050449
2409 2 1801760
593 1 6466408
2407 2 2456908
595 1 6748650
2405 2 2357686
597 1 5369137
2403 2 3990074
599 1 7791113
2401 2 3071269
601 1 2297509
2399 2 9248206
603 1 9271740
2397 2 6105303
605 1 3468354
2395 2 4444271
607 1 4501839
2393 2 5287664
609 1 9758885
2391 2 2495814
611 1 6184151
2389 2 4174169
613 1 11241646
2387 2 11580401
615 1 8287466
2385 2 11899478
617 1 9751728
2383 2 7196284
619 1 11183521
2381 2 9499977
621 1 7899137
2379 2 3261902
623 1 11852127
2377 2 1823620
625 1 4646850
2375 2 1372498
627 1 6115713
2373 2 11522377
629 1 6960597
2371 2 11334357
631 1 10704695
2369 2 5495129
633 1 4418537
2367 2 10399649
635 1 2857392
2365 2 11929295
637 1 6929893
2363 2 6910429
639 1 995971
2361 2 11974189
641 1 8554936
2359 2 2507229
643 1 2530118
2357 2 7129965
645 1 8664778
2355 2 2295725
647 1 12164831
2353 2 2701454
649 1 2949908
2351 2 933002
651 1 10056348
2349 2 8006917
653 1 1210232
2347 2 6826470
655 1 5734980
2345 2 12205902
657 1 10180558
2343 2 3328779
659 1 3771078
2341 2 4298868
661 1 11977705
2339 2 6201086
663 1 6968766
2337 2 5478320
665 1 11196899
2335 2 2173343
667 1 8592287
2333 2 10622032
669 1 340297
2331 2 5818802
671 1 5368528
2329 2 12143970
673 1 2401664
2327 2 306564
675 1 3160719
2325 2 5987785
677 1 2831162
2323 2 5822233
679 1 1676017
2321 2 3934379
681 1 786865
2319 2 4225969
683 1 11980271
2317 2 4623668
685 1 6064158
2315 2 10091376
687 1 3655060
2313 2 9758991
689 1 7917887
2311 2 2790142
691 1 9973375
2309 2 8997285
693 1 2507860
2307 2 635758
695 1 3915155
2305 2 12015825
697 1 8660999
2303 2 11218275
699 1 3732323
2301 2 1512172
701 1 785338
2299 2 8667075
703 1 8170315
2297 2 7627014
705 1 8468425
2295 2 8575559
707 1 2436695
2293 2 6619739
709 1 9092538
2291 2 3195006
711 1 11887950
2289 2 6209253
713 1 869923
2287 2 6239166
715 1 6833756
2285 2 838369
717 1 2225521
2283 2 10185664
719 1 7676561
2281 2 7826277
721 1 11592896
2279 2 5014530
723 1 8845775
2277 2 839770
725 1 8295498
2275 2 2201059
727 1 11391762
2273 2 5644912
729 1 5931550
2271 2 1479403
731 1 4716340
2269 2 9801686
733 1 11743458
2267 2 2412258
735 1 4172802
2265 2 452727
737 1 124961
2263 2 4539360
739 1 8489958
2261 2 5213562
741 1 7573429
2259 2 9862071
743 1 11175029
2257 2 4292202
745 1 2114994
2255 2 324471
747 1 9259404
2253 2 11582654
749 1 7532693
2251 2 5809106
751 1 9070117
2249 2 2155326
753 1 3307704
2247 2 8159915
755 1 5052122
2245 2 2541666
757 1 11460787
2243 2 7829961
759 1 6603669
2241 2 4812772
761 1 6766649
2239 2 7915971
763 1 7737418
2237 2 835060
765 1 4214118
2235 2 6654179
767 1 12185109
2233 2 4586027
769 1 10631265
2231 2 6376188
771 1 6163508
2229 2 2144883
773 1 4173368
2227 2 6924044
775 1 3499321
2225 2 6523916
777 1 2063867
2223 2 2893302
779 1 11949456
2221 2 10998923
781 1 1684745
2219 2 9104969
783 1 7151678
2217 2 2297643
785 1 8996814
2215 2 5349331
787 1 10061328
2213 2 4306568
789 1 2300282
2211 2 3530803
791 1 7741800
2209 2 5070893
793 1 5338322
2207 2 1209671
795 1 10297218
2205 2 2595274
797 1 8955962
2203 2 8480921
799 1 2577815
2201 2 4326628
801 1 6718647
2199 2 3577170
803 1 3622026
2197 2 11363898
805 1 6166009
2195 2 4201401
807 1 10156574
2193 2 4889515
809 1 2544532
2191 2 4516530
811 1 11751282
2189 2 11401643
813 1 11972254
2187 2 10331695
815 1 8206102
2185 2 10606455
817 1 1310139
2183 2 3116543
819 1 3972507
2181 2 4383390
821 1 11867006
2179 2 1152474
823 1 11013954
2177 2 367271
825 1 5437436
2175 2 4053766
827 1 8588818
2173 2 8783433
829 1 825874
2171 2 5774123
831 1 12020805
2169 2 4187238
833 1 6632880
2167 2 4933857
835 1 10273243
2165 2 8779809
837 1 4600505
2163 2 3403764
839 1 10544124
2161 2 10576234
841 1 3814252
2159 2 6624118
843 1 4170901
2157 2 1881898
845 1 2003654
2155 2 2826445
847 1 11483804
2153 2 2583560
849 1 8995957
2151 2 1190246
851 1 1133879
2149 2 8022718
853 1 8739325
2147 2 8388733
855 1 626884
2145 2 10654288
857 1 1104943
2143 2 4859641
859 1 9566087
2141 2 1197900
861 1 1130293
2139 2 7307287
863 1 7972577
2137 2 766323
865 1 11056674
2135 2 6543037
867 1 6837795
2133 2 5529036
869 1 3903965
2131 2 8724058
871 1 9834316
2129 2 3303209
873 1 11525670
2127 2 5316184
875 1 10423805
2125 2 6921834
877 1 5707953
2123 2 1314088
879 1 8320954
2121 2 2464214
881 1 1955942
2119 2 6169740
883 1 3231676
2117 2 10659691
885 1 11704281
2115 2 9906567
887 1 3057
2113 2 5544580
889 1 5649453
2111 2 8590864
891 1 9422102
2109 2 885519
893 1 5269572
2107 2 10929286
895 1 5515901
2105 2 10744270
897 1 9846417
2103 2 4963048
899 1 2821718
2101 2 7581994
901 1 622021
2099 2 9704226
903 1 6361665
2097 2 896107
905 1 4316164
2095 2 2022692
907 1 11034560
2093 2 729387
909 1 5630766
2091 2 8518454
911 1 10266718
2089 2 10151108
913 1 3245285
2087 2 8331516
915 1 9632665
2085 2 5311680
917 1 11091197
2083 2 3914765
919 1 85959
2081 2 2143987
921 1 9254497
2079 2 3691589
923 1 5691293
2077 2 11297307
925 1 1806233
2075 2 3728201
927 1 3246902
2073 2 8968587
929 1 10323250
2071 2 1885463
931 1 6193085
2069 2 8312640
933 1 5984053
2067 2 1150523
935 1 5298515
2065 2 10354267
937 1 5633608
2063 2 11780941
939 1 8379783
2061 2 984429
941 1 706051
2059 2 8059555
943 1 8493427
2057 2 6475889
945 1 3407433
2055 2 11428328
947 1 5997976
2053 2 2526349
949 1 10705660
2051 2 11779954
951 1 12064844
2049 2 9578564
953 1 4619678
2047 2 10074071
955 1 3953408
2045 2 7229955
957 1 7826051
2043 2 2522852
959 1 3916831
2041 2 9502495
961 1 2376328
2039 2 3320824
963 1 1958735
2037 2 1425407
965 1 6985183
2035 2 3578677
967 1 4979382
2033 2 3351507
969 1 786578
2031 2 2036723
971 1 4571155
2029 2 6426862
973 1 11189945
2027 2 9397955
975 1 7944584
2025 2 10278427
977 1 10581658
2023 2 5736668
979 1 7686710
2021 2 1828429
981 1 6275168
2019 2 9992734
983 1 5165011
2017 2 8254507
985 1 9143194
2015 2 4014785
987 1 1808414
2013 2 1652221
989 1 7935820
2011 2 12163783
991 1 11749364
2009 2 5966840
993 1 8341014
2007 2 8146930
995 1 10385490
2005 2 10322695
997 1 2621578
2003 2 7937522
999 1 1091637
2001 2 11353595
1001 1 3770743
1999 2 2939864
1003 1 11535803
1997 2 4740883
1005 1 11582745
1995 2 11069586
1007 1 6529253
1993 2 2357602
1009 1 2979890
1991 2 7340809
1011 1 359995
1989 2 4411680
1013 1 4550157
1987 2 4938280
1015 1 2808926
1985 2 4451328
1017 1 3389739
1983 2 2546673
1019 1 7584297
1981 2 6158743
1021 1 6988102
1979 2 471422
1023 1 2313853
1977 2 11282894
1025 1 311232
1975 2 721669
1027 1 1465968
1973 2 10913708
1029 1 4420323
1971 2 7626423
1031 1 1454769
1969 2 439566
1033 1 9314116
1967 2 775034
1035 1 247780
1965 2 6768535
1037 1 8830959
1963 2 10334562
1039 1 9125403
1961 2 4367061
1041 1 10394054
1959 2 11948186
1043 1 7785493
1957 2 9800834
1045 1 7962092
1955 2 4277584
1047 1 10921532
1953 2 8636436
1049 1 4724744
1951 2 9291952
1051 1 6615044
1949 2 11869019
1053 1 5811400
1947 2 751236
1055 1 4169331
1945 2 1407347
1057 1 6184362
1943 2 4356501
1059 1 10415678
1941 2 2101651
1061 1 1859842
1939 2 2915346
1063 1 11241122
1937 2 7669971
1065 1 6945938
1935 2 3941099
1067 1 1440325
1933 2 3138862
1069 1 229487
1931 2 2980577
1071 1 4189890
1929 2 6525121
1073 1 1649409
1927 2 2931923
1075 1 10062317
1925 2 9671910
1077 1 8050578
1923 2 10472864
1079 1 4025205
1921 2 12140656
1081 1 8628820
1919 2 4583920
1083 1 1764928
1917 2 5976796
1085 1 2521541
1915 2 4115362
1087 1 7964906
1913 2 10881351
1089 1 10254774
1911 2 3376548
1091 1 4446229
1909 2 11542358
1093 1 937974
1907 2 11702854
1095 1 9815264
1905 2 8641586
1097 1 9254987
1903 2 1634811
1099 1 1134479
1901 2 7376612
1101 1 10487300
1899 2 1216432
1103 1 8866666
1897 2 8832776
1105 1 6505111
1895 2 3246892
1107 1 3677924
1893 2 3680711
1109 1 3487961
1891 2 6685917
1111 1 9697541
1889 2 10351638
1113 1 5318265
1887 2 1365929
1115 1 5517066
1885 2 1385295
1117 1 10147474
1883 2 1574840
1119 1 96258
1881 2 8990400
1121 1 1037503
1879 2 9023892
1123 1 9419227
1877 2 4253170
1125 1 3366356
1875 2 9858020
1127 1 6338035
1873 2 3584249
1129 1 142953
1871 2 11674475
1131 1 5662588
1869 2 4581582
1133 1 5827206
1867 2 895356
1135 1 8831581
1865 2 1475576
1137 1 3271394
1863 2 1762698
1139 1 11025853
1861 2 2309363
1141 1 4718259
1859 2 4831166
1143 1 5209158
1857 2 6800654
1145 1 11926343
1855 2 4536011
1147 1 1831323
1853 2 9590850
1149 1 9042562
1851 2 8839309
1151 1 7748299
1849 2 247203
1153 1 11661470
1847 2 2678809
1155 1 4648424
1845 2 11714573
1157 1 8471628
1843 2 5761664
1159 1 10136907
1841 2 7640922
1161 1 4497365
1839 2 10990860
1163 1 980159
1837 2 11059527
1165 1 2549618
1835 2 11445141
1167 1 6181593
1833 2 3424464
1169 1 2803003
1831 2 3704518
1171 1 1346124
1829 2 5180902
1173 1 7567275
1827 2 9854131
1175 1 3188962
1825 2 2535675
1177 1 9217148
1823 2 5417630
1179 1 9960316
1821 2 9643586
1181 1 11126576
1819 2 4653826
1183 1 10678275
1817 2 5651116
1185 1 6175281
1815 2 1178166
1187 1 1013973
1813 2 4538694
1189 1 5764982
1811 2 9201494
1191 1 5939062
1809 2 6059990
1193 1 8902615
1807 2 5136288
1195 1 5619982
1805 2 2425269
1197 1 6325225
1803 2 6935293
1199 1 7168792
1801 2 942031
1201 1 5062822
1799 2 7328626
1203 1 9167187
1797 2 6686819
1205 1 6453926
1795 2 9104504
1207 1 10936017
1793 2 10441874
1209 1 4904502
1791 2 11558756
1211 1 1565160
1789 2 10291595
1213 1 675835
1787 2 4596956
1215 1 8889200
1785 2 10843206
1217 1 8353957
1783 2 4839417
1219 1 7956373
1781 2 4786580
1221 1 10598158
1779 2 9719454
1223 1 6962162
1777 2 1652896
1225 1 11031566
1775 2 7806707
1227 1 2887629
1773 2 1721298
1229 1 11900090
1771 2 9125123
1231 1 11174665
1769 2 7338899
1233 1 5891376
1767 2 11221770
1235 1 3860134
1765 2 920901
1237 1 6590684
1763 2 3637616
1239 1 1565812
1761 2 4352553
1241 1 1405153
1759 2 6005366
1243 1 8098917
1757 2 2785449
1245 1 1810555
1755 2 2493518
1247 1 6571981
1753 2 3947839
1249 1 3833218
1751 2 8814011
1251 1 3448020
1749 2 11394206
1253 1 5876687
1747 2 8661925
1255 1 9024654
1745 2 4232757
1257 1 380689
1743 2 9540218
1259 1 4546389
1741 2 8930561
1261 1 9832380
1739 2 4317350
1263 1 9371542
1737 2 8975964
1265 1 8032556
1735 2 1374243
1267 1 7687434
1733 2 3992826
1269 1 9034897
1731 2 9225312
1271 1 4062829
1729 2 32199
1273 1 6432924
1727 2 11385186
1275 1 1288239
1725 2 10887463
1277 1 4369073
1723 2 11272139
1279 1 6510639
1721 2 7338493
1281 1 4154872
1719 2 3934426
1283 1 11976404
1717 2 3051783
1285 1 9700548
1715 2 1132866
1287 1 7614505
1713 2 9907049
1289 1 11125880
1711 2 7876595
1291 1 573031
1709 2 3790242
1293 1 4287594
1707 2 11391972
1295 1 3889151
1705 2 324973
1297 1 7392422
1703 2 7608722
1299 1 2187856
1701 2 6040656
1301 1 160162
1699 2 2423726
1303 1 3808541
1697 2 5101674
1305 1 10204115
1695 2 6690164
1307 1 5914991
1693 2 10866754
1309 1 2443159
1691 2 127369
1311 1 7334064
1689 2 11953312
1313 1 10001631
1687 2 4256524
1315 1 7623732
1685 2 3096176
1317 1 2259799
1683 2 810176
1319 1 10717839
1681 2 7879884
1321 1 8395487
1679 2 25139
1323 1 5610155
1677 2 10749718
1325 1 3684665
1675 2 7330575
1327 1 4902539
1673 2 11019357
1329 1 6682098
1671 2 9211533
1331 1 237198
1669 2 2597832
1333 1 5490254
1667 2 7347729
1335 1 10850249
1665 2 4187840
1337 1 8133800
1663 2 3555067
1339 1 311485
1661 2 1986441
1341 1 10337579
1659 2 6487033
1343 1 11859046
1657 2 6181600
1345 1 5700631
1655 2 645553
1347 1 6501701
1653 2 12001319
1349 1 1654421
1651 2 9370707
1351 1 1589411
1649 2 6524721
1353 1 11383952
1647 2 2462803
1355 1 18485
1645 2 3984156
1357 1 12189091
1643 2 11013158
1359 1 7804699
1641 2 11031666
1361 1 11161547
1639 2 11407854
1363 1 5026883
1637 2 8268843
1365 1 5771217
1635 2 4443643
1367 1 7755649
1633 2 2196088
1369 1 12123700
1631 2 10967518
1371 1 9292356
1629 2 12229504
1373 1 425916
1627 2 2359455
1375 1 11944974
1625 2 5493467
1377 1 4102264
1623 2 9938379
1379 1 4410705
1621 2 7017767
1381 1 9694355
1619 2 831
1383 1 546861
1617 2 3388694
1385 1 9620516
1615 2 11224169
1387 1 5210124
1613 2 7975700
1389 1 8191362
1611 2 8709672
1391 1 1118025
1609 2 5594440
1393 1 1954776
1607 2 3100058
1395 1 2218040
1605 2 2496494
1397 1 7687951
1603 2 8308598
1399 1 11308777
1601 2 2657691
1401 1 11048762
1599 2 3797105
1403 1 11189915
1597 2 4126653
1405 1 11577667
1595 2 10125472
1407 1 10506940
1593 2 2168408
1409 1 4580657
1591 2 10734270
1411 1 1404574
1589 2 623291
1413 1 10560947
1587 2 5515027
1415 1 8541871
1585 2 1316016
1417 1 614200
1583 2 557301
1419 1 1578563
1581 2 11815436
1421 1 1418993
1579 2 526775
1423 1 8559362
1577 2 4193648
1425 1 11601951
1575 2 1681000
1427 1 564107
1573 2 6556470
1429 1 7033491
1571 2 11753203
1431 1 154371
1569 2 6555082
1433 1 1698180
1567 2 10066937
1435 1 6352368
1565 2 2945396
1437 1 3834896
1563 2 1826174
1439 1 6075533
1561 2 7688037
1441 1 2256506
1559 2 10417887
1443 1 12089811
1557 2 6899159
1445 1 8845147
1555 2 11169039
1447 1 783880
1553 2 10021498
1449 1 7845646
1551 2 3261960
1451 1 3766402
1549 2 3351403
1453 1 4115570
1547 2 3872045
1455 1 12012672
1545 2 2544087
1457 1 3333546
1543 2 11034506
1459 1 10127106
1541 2 9278250
1461 1 2018640
1539 2 2061615
1463 1 561442
1537 2 5219087
1465 1 128802
1535 2 10110312
1467 1 3173239
1533 2 10729862
1469 1 3866656
1531 2 9327373
1471 1 1467540
1529 2 11649147
1473 1 1934884
1527 2 9339452
1475 1 2568843
1525 2 11174011
1477 1 7731017
1523 2 1008332
1479 1 5635845
1521 2 10631164
1481 1 7171225
1519 2 5753887
1483 1 1717644
1517 2 11122568
1485 1 1640486
1515 2 6553391
1487 1 10728373
1513 2 1755933
1489 1 9755264
1511 2 6357310
1491 1 9664799
1509 2 898195
1493 1 3548958
1507 2 4788358
1495 1 594165
1505 2 3489562
1497 1 9899325
1503 2 10264920
1499 1 5858157
1501 2 10387596
1501 1 2852635
1499 2 747203
1503 1 873869
1497 2 1066922
1505 1 1550261
1495 2 9288844
1507 1 12045672
1493 2 5679856
1509 1 2291766
1491 2 2550307
1511 1 10507650
1489 2 10209890
1513 1 9740060
1487 2 1319424
1515 1 7228343
1485 2 7995515
1517 1 8920030
1483 2 7139514
1519 1 5396537
1481 2 423296
1521 1 9079032
1479 2 9295701
1523 1 9271977
1477 2 6879889
1525 1 383043
1475 2 11238852
1527 1 4836130
1473 2 10459795
1529 1 914748
1471 2 9866777
1531 1 3896232
1469 2 9557510
1533 1 11371251
1467 2 2323920
1535 1 7078540
1465 2 2205030
1537 1 9896205
1463 2 3879550
1539 1 3743414
1461 2 244528
1541 1 7879133
1459 2 6380554
1543 1 9745315
1457 2 2051379
1545 1 893495
1455 2 6435525
1547 1 3571305
1453 2 7593294
1549 1 5817114
1451 2 76752
1551 1 993434
1449 2 5185601
1553 1 24686
1447 2 10060634
1555 1 8282639
1445 2 11930447
1557 1 3360920
1443 2 10169677
1559 1 1384282
1441 2 6568751
1561 1 3948435
1439 2 2889283
1563 1 1525862
1437 2 3380365
1565 1 5555203
1435 2 3893848
1567 1 6510000
1433 2 2045889
1569 1 342455
1431 2 9915670
1571 1 7446634
1429 2 6102753
1573 1 7365880
1427 2 601361
1575 1 3057475
1425 2 5420952
1577 1 6893180
1423 2 2220855
1579 1 9246551
1421 2 9800550
1581 1 10104572
1419 2 11214011
1583 1 891842
1417 2 9042173
1585 1 6988770
1415 2 6908383
1587 1 11229559
1413 2 7529281
1589 1 10791696
1411 2 10714247
1591 1 4241648
1409 2 942485
1593 1 7809798
1407 2 6529222
1595 1 7075035
1405 2 6199037
1597 1 2588570
1403 2 3404162
1599 1 4667740
1401 2 2386735
1601 1 11776558
1399 2 6127542
1603 1 8063867
1397 2 4660213
1605 1 6782614
1395 2 11421546
1607 1 3694561
1393 2 1444633
1609 1 748942
1391 2 11790796
1611 1 10307894
1389 2 1123968
1613 1 4262485
1387 2 7651890
1615 1 1692240
1385 2 6431990
1617 1 1312613
1383 2 10691678
1619 1 5147988
1381 2 2882703
1621 1 8950663
1379 2 11081350
1623 1 7067188
1377 2 7873059
1625 1 12167344
1375 2 6416971
1627 1 3096725
1373 2 9198562
1629 1 11544575
1371 2 6781820
1631 1 246188
1369 2 2541506
1633 1 8050511
1367 2 6472722
1635 1 1395507
1365 2 4305086
1637 1 7775436
1363 2 3618920
1639 1 1913001
1361 2 12103216
1641 1 3127645
1359 2 6746272
1643 1 788927
1357 2 11542172
1645 1 3380982
1355 2 5918159
1647 1 227278
1353 2 5335832
1649 1 7458294
1351 2 7400812
1651 1 4055673
1349 2 4582652
1653 1 1741713
1347 2 5357411
1655 1 6035932
1345 2 5283367
1657 1 202932
1343 2 812132
1659 1 3579242
1341 2 8992124
1661 1 10093878
1339 2 5270032
1663 1 10978050
1337 2 7022911
1665 1 7442854
1335 2 4663003
1667 1 9180804
1333 2 8226780
1669 1 6889978
1331 2 6117772
1671 1 1511021
1329 2 6289511
1673 1 7779195
1327 2 10202667
1675 1 3410336
1325 2 2964348
1677 1 2173357
1323 2 262551
1679 1 5199578
1321 2 225446
1681 1 2394693
1319 2 5074738
1683 1 582648
1317 2 6722913
1685 1 3862293
1315 2 9611982
1687 1 9886599
1313 2 4848304
1689 1 11098486
1311 2 2658055
1691 1 9914437
1309 2 9030737
1693 1 4430391
1307 2 2047517
1695 1 11091327
1305 2 9582870
1697 1 1249629
1303 2 5170966
1699 1 2720957
1301 2 3128054
1701 1 5870646
1299 2 1458375
1703 1 4912728
1297 2 3268841
1705 1 5178174
1295 2 6092419
1707 1 12205715
1293 2 9292079
1709 1 6244766
1291 2 1683587
1711 1 7912543
1289 2 8533817
1713 1 4989106
1287 2 4816274
1715 1 8779429
1285 2 3629442
1717 1 9698552
1283 2 5698275
1719 1 2561003
1281 2 3264103
1721 1 9196991
1279 2 1838551
1723 1 11624190
1277 2 5796515
1725 1 11770960
1275 2 10010136
1727 1 6085510
1273 2 5314656
1729 1 10333776
1271 2 8477905
1731 1 875902
1269 2 1584984
1733 1 10649742
1267 2 10287529
1735 1 10452635
1265 2 5787113
1737 1 1307698
1263 2 10826948
1739 1 1028430
1261 2 843109
1741 1 7560263
1259 2 4529303
1743 1 1010926
1257 2 3014503
1745 1 7159100
1255 2 9004054
1747 1 601508
1253 2 1727543
1749 1 12196980
1251 2 1244515
1751 1 11702276
1249 2 8315468
1753 1 739845
1247 2 1811995
1755 1 648148
1245 2 5554249
1757 1 1675392
1243 2 1231749
1759 1 6888241
1241 2 137865
1761 1 11009884
1239 2 6757653
1763 1 11712018
1237 2 5347321
1765 1 4132797
1235 2 8474310
1767 1 11102642
1233 2 2037560
1769 1 4568653
1231 2 12130579
1771 1 611718
1229 2 8705247
1773 1 8943997
1227 2 10149407
1775 1 6870219
1225 2 10552696
1777 1 6119317
1223 2 9321459
1779 1 10708408
1221 2 7510851
1781 1 5874799
1219 2 8165125
1783 1 7844302
1217 2 11300458
1785 1 11334408
1215 2 10257427
1787 1 9879030
1213 2 4917123
1789 1 714434
1211 2 841433
1791 1 6798566
1209 2 1378985
1793 1 2553776
1207 2 3239743
1795 1 7937392
1205 2 2524712
1797 1 1671550
1203 2 1618529
1799 1 7879967
1201 2 4185526
1801 1 302382
1199 2 2046607
1803 1 6363292
1197 2 349692
1805 1 7890269
1195 2 789794
1807 1 5901963
1193 2 3967491
1809 1 524060
1191 2 1475924
1811 1 11055620
1189 2 5719249
1813 1 5363920
1187 2 267999
1815 1 10352721
1185 2 935523
1817 1 3851239
1183 2 670316
1819 1 118856
1181 2 4489609
1821 1 5695328
1179 2 2598467
1823 1 7226386
1177 2 5570944
1825 1 4519808
1175 2 5276069
1827 1 9851616
1173 2 4319113
1829 1 7791415
1171 2 5102678
1831 1 3274253
1169 2 391477
1833 1 5187257
1167 2 10561014
1835 1 2930076
1165 2 9776331
1837 1 4474988
1163 2 11718805
1839 1 11062210
1161 2 3407345
1841 1 2569424
1159 2 8288455
1843 1 9087998
1157 2 9517569
1845 1 7831500
1155 2 11054677
1847 1 1929097
1153 2 11889563
1849 1 1051153
1151 2 7944368
1851 1 4260346
1149 2 9162380
1853 1 6554716
1147 2 4351723
1855 1 8174711
1145 2 2244996
1857 1 9610911
1143 2 10370309
1859 1 2395992
1141 2 1653948
1861 1 6804811
1139 2 27374
1863 1 1083725
1137 2 8415542
1865 1 11268589
1135 2 2436892
1867 1 10251748
1133 2 4358063
1869 1 8425668
1131 2 6212386
1871 1 2729734
1129 2 595764
1873 1 8063167
1127 2 1000060
1875 1 10679669
1125 2 9240479
1877 1 760317
1123 2 11617582
1879 1 7533855
1121 2 11259145
1881 1 2569886
1119 2 5542285
1883 1 7571949
1117 2 1875749
1885 1 9552047
1115 2 8203505
1887 1 11053443
1113 2 2882757
1889 1 616261
1111 2 4221705
1891 1 3089105
1109 2 8446645
1893 1 423375
1107 2 11227314
1895 1 1017017
1105 2 8042393
1897 1 10856625
1103 2 7660224
1899 1 709251
1101 2 8609799
1901 1 848271
1099 2 1841953
1903 1 3312795
1097 2 3480760
1905 1 7548733
1095 2 5245522
1907 1 4338305
1093 2 5819598
1909 1 2970181
1091 2 1506851
1911 1 4437613
1089 2 9213972
1913 1 6669058
1087 2 1110338
1915 1 717493
1085 2 9140272
1917 1 4558426
1083 2 3757965
1919 1 9227164
1081 2 12095240
1921 1 1409184
1079 2 8833132
1923 1 11919246
1077 2 7277605
1925 1 6878159
1075 2 10383676
1927 1 4091347
1073 2 10426499
1929 1 10879825
1071 2 3260082
1931 1 6442708
1069 2 8939922
1933 1 7659252
1067 2 10718005
1935 1 5488913
1065 2 3785840
1937 1 11880870
1063 2 11137492
1939 1 5423008
1061 2 8461237
1941 1 834689
1059 2 3496002
1943 1 7919216
1057 2 6769245
1945 1 751192
1055 2 4909174
1947 1 8413310
1053 2 10006074
1949 1 3428085
1051 2 8000558
1951 1 4007468
1049 2 11302847
1953 1 439178
1047 2 9903831
1955 1 6826045
1045 2 2677585
1957 1 6195381
1043 2 4470392
1959 1 3278616
1041 2 4771969
1961 1 965733
1039 2 6956469
1963 1 12131811
1037 2 8079618
1965 1 9997339
1035 2 7041117
1967 1 9948162
1033 2 2787817
1969 1 6073776
1031 2 841608
1971 1 2343148
1029 2 5929336
1973 1 4896162
1027 2 2120951
1975 1 4767022
1025 2 4675227
1977 1 10358111
1023 2 2834108
1979 1 2386050
1021 2 988033
1981 1 5517105
1019 2 1115997
1983 1 7761655
1017 2 10678609
1985 1 9149743
1015 2 4904712
1987 1 2844784
1013 2 10036437
1989 1 7088351
1011 2 7528603
1991 1 11927559
1009 2 11652709
1993 1 5805272
1007 2 10825446
1995 1 885525
1005 2 4670485
1997 1 2543059
1003 2 206315
1999 1 6488751
1001 2 11081841
2001 1 883891
999 2 1366772
2003 1 1136689
997 2 3408945
2005 1 8133858
995 2 5206531
2007 1 3719752
993 2 3947123
2009 1 5064339
991 2 7828490
2011 1 11340535
989 2 7222587
2013 1 7632726
987 2 9607478
2015 1 148668
985 2 1095132
2017 1 10493899
983 2 1285974
2019 1 2447058
981 2 10462138
2021 1 11367012
979 2 2033043
2023 1 7995854
977 2 1401185
2025 1 9398432
975 2 2493035
2027 1 3600924
973 2 10961452
2029 1 386541
971 2 10566023
2031 1 10946046
969 2 5478298
2033 1 11353859
967 2 1451517
2035 1 9117415
965 2 8666721
2037 1 7747703
963 2 2850673
2039 1 10371871
961 2 8083434
2041 1 893958
959 2 9808898
2043 1 266683
957 2 9166748
2045 1 11879270
955 2 4141974
2047 1 5605180
953 2 2144886
2049 1 9342253
951 2 11565516
2051 1 5653926
949 2 440127
2053 1 9949443
947 2 1926550
2055 1 1985694
945 2 6824518
2057 1 12035245
943 2 4096510
2059 1 6167982
941 2 6624168
2061 1 1087623
939 2 10815626
2063 1 885043
937 2 11619329
2065 1 8890543
935 2 9167564
2067 1 10539567
933 2 11906259
2069 1 8917402
931 2 9418335
2071 1 11743910
929 2 9756340
2073 1 7033216
927 2 33262
2075 1 10036995
925 2 4676746
2077 1 2863533
923 2 5660663
2079 1 3921205
921 2 7579791
2081 1 10267707
919 2 6395590
2083 1 5452008
917 2 10076772
2085 1 689861
915 2 11533120
2087 1 1883199
913 2 7707378
2089 1 529479
911 2 579190
2091 1 5532372
909 2 1159321
2093 1 4591141
907 2 2304831
2095 1 4243251
905 2 3567079
2097 1 2876266
903 2 1085767
2099 1 3264721
901 2 1891499
2101 1 565392
899 2 5686316
2103 1 1262660
897 2 5825914
2105 1 9477747
895 2 10548747
2107 1 177675
893 2 5347221
2109 1 4408021
891 2 12143491
2111 1 7300203
889 2 2975375
2113 1 5874887
887 2 1173408
2115 1 11281802
885 2 8577309
2117 1 11205986
883 2 5216633
2119 1 5957349
881 2 190014
2121 1 9057028
879 2 11100732
2123 1 9335023
877 2 10905435
2125 1 5741462
875 2 1165398
2127 1 5355167
873 2 161418
2129 1 9727788
871 2 6930501
2131 1 5564058
869 2 5591216
2133 1 2852831
867 2 8833348
2135 1 9286722
865 2 3945788
2137 1 10611531
863 2 5529686
2139 1 4890028
861 2 2395974
2141 1 1119532
859 2 10580236
2143 1 10480875
857 2 3768980
2145 1 6298712
855 2 9856527
2147 1 9491499
853 2 4362687
2149 1 9389128
851 2 7811789
2151 1 4497339
849 2 3439441
2153 1 2647938
847 2 1831114
2155 1 11675063
845 2 5882549
2157 1 560463
843 2 8779803
2159 1 10472879
841 2 6733190
2161 1 2226095
839 2 3239850
2163 1 219394
837 2 6240100
2165 1 7515933
835 2 6241893
2167 1 3700044
833 2 7647234
2169 1 5980713
831 2 11428459
2171 1 5352909
829 2 7352107
2173 1 10051071
827 2 11118518
2175 1 7936985
825 2 7867653
2177 1 8132301
823 2 11109747
2179 1 3926812
821 2 589542
2181 1 1073284
819 2 3298515
2183 1 1235860
817 2 10880434
2185 1 3375962
815 2 1382200
2187 1 7960208
813 2 5308497
2189 1 48682
811 2 10109413
2191 1 9460134
809 2 2641616
2193 1 3393610
807 2 10318752
2195 1 11096695
805 2 8990435
2197 1 7501189
803 2 5540174
2199 1 9233677
801 2 150225
2201 1 7388709
799 2 10083558
2203 1 1881756
797 2 5936942
2205 1 10312954
795 2 7484851
2207 1 6607682
793 2 3395762
2209 1 12025598
791 2 84518
2211 1 5467895
789 2 11142536
2213 1 3180922
787 2 10818421
2215 1 10928534
785 2 5013138
2217 1 7408770
783 2 390397
2219 1 10084818
781 2 6385220
2221 1 3041773
779 2 3788463
2223 1 3039770
777 2 1462259
2225 1 10477746
775 2 1957052
2227 1 8711797
773 2 9375662
2229 1 9395194
771 2 9223178
2231 1 508302
769 2 2715726
2233 1 3677699
767 2 6425784
2235 1 9442987
765 2 3008384
2237 1 9571517
763 2 374650
2239 1 9244217
761 2 6055586
2241 1 4988446
759 2 11016928
2243 1 8475488
757 2 11996407
2245 1 9312827
755 2 7713006
2247 1 7312377
753 2 3663218
2249 1 8365195
751 2 5749379
2251 1 10708365
749 2 10469785
2253 1 10956997
747 2 8696953
2255 1 8322971
745 2 4272527
2257 1 381845
743 2 7879125
2259 1 11335878
741 2 3194162
2261 1 6308278
739 2 7189433
2263 1 7816985
737 2 5300443
2265 1 3935628
735 2 1099736
2267 1 6830461
733 2 8721414
2269 1 11305201
731 2 10794631
2271 1 2307804
729 2 1223251
2273 1 2306
727 2 5107021
2275 1 8782756
725 2 11506565
2277 1 11826733
723 2 988969
2279 1 10705028
721 2 1629569
2281 1 11930648
719 2 2500770
2283 1 9524765
717 2 5344694
2285 1 7746856
715 2 11137601
2287 1 10985587
713 2 6885522
2289 1 9801203
711 2 10217839
2291 1 4597302
709 2 10347499
2293 1 11465467
707 2 4682167
2295 1 5682104
705 2 7545459
2297 1 6424113
703 2 8455652
2299 1 6196819
701 2 620964
2301 1 8198887
699 2 12094471
2303 1 3563917
697 2 1721725
2305 1 3046968
695 2 7138681
2307 1 6377990
693 2 3442980
2309 1 1607954
691 2 1775370
2311 1 4295708
689 2 7220113
2313 1 6194713
687 2 417558
2315 1 8612929
685 2 4665765
2317 1 7029058
683 2 8370524
2319 1 3705138
681 2 3707455
2321 1 10077147
679 2 8636358
2323 1 6668944
677 2 6025049
2325 1 11240358
675 2 3702052
2327 1 94137
673 2 11444084
2329 1 1359454
671 2 912587
2331 1 10736811
669 2 1226303
2333 1 6544791
667 2 879992
2335 1 2222011
665 2 1335696
2337 1 5320170
663 2 9449579
2339 1 3700016
661 2 8328741
2341 1 1075438
659 2 7626703
2343 1 8369287
657 2 3000532
2345 1 5087522
655 2 11690495
2347 1 10382243
653 2 8415947
2349 1 4923785
651 2 1778197
2351 1 11572590
649 2 2817409
2353 1 1270865
647 2 9799515
2355 1 6058478
645 2 6336491
2357 1 6723066
643 2 9590616
2359 1 2144033
641 2 4535260
2361 1 11436929
639 2 2174679
2363 1 11015963
637 2 282808
2365 1 11195474
635 2 11666942
2367 1 10452775
633 2 4577872
2369 1 6163272
631 2 189491
2371 1 769894
629 2 4886826
2373 1 10566701
627 2 11975103
2375 1 6147755
625 2 4015483
2377 1 3468162
623 2 3830913
2379 1 7557717
621 2 5751861
2381 1 5694839
619 2 7426844
2383 1 83564
617 2 7975496
2385 1 9153022
615 2 3918267
2387 1 5859023
613 2 10872092
2389 1 5874303
611 2 2728649
2391 1 2808047
609 2 1045512
2393 1 9044841
607 2 3598164
2395 1 7316945
605 2 1339799
2397 1 1228482
603 2 7109743
2399 1 5232449
601 2 7981183
2401 1 696971
599 2 1658998
2403 1 5555699
597 2 7132968
2405 1 655757
595 2 8452104
2407 1 5682769
593 2 7812100
2409 1 3000781
591 2 4174859
2411 1 9154400
589 2 8922437
2413 1 2583092
587 2 2265281
2415 1 12189790
585 2 5575380
2417 1 6471833
583 2 7011348
2419 1 6811465
581 2 5713086
2421 1 9816953
579 2 7263788
2423 1 6637002
577 2 7352657
2425 1 7524565
575 2 563332
2427 1 5252274
573 2 879388
2429 1 8743813
571 2 9556461
2431 1 4392043
569 2 3857892
2433 1 3178544
567 2 11492848
2435 1 9801002
565 2 3111278
2437 1 1806871
563 2 9328718
2439 1 8024316
561 2 10497862
2441 1 4073715
559 2 7382796
2443 1 10645541
557 2 7084297
2445 1 9370089
555 2 7987285
2447 1 7661034
553 2 11774228
2449 1 1366572
551 2 12169028
2451 1 12008924
549 2 8277739
2453 1 4826309
547 2 6390597
2455 1 11114510
545 2 9424906
2457 1 3665295
543 2 6013531
2459 1 11906889
541 2 2385359
2461 1 3399576
539 2 500396
2463 1 9308690
537 2 10360811
2465 1 2123025
535 2 9697197
2467 1 5350473
533 2 1275472
2469 1 6312243
531 2 8269249
2471 1 3330518
529 2 4090654
2473 1 8090
527 2 4058360
2475 1 8911278
525 2 9738132
2477 1 457825
523 2 8114564
2479 1 2299895
521 2 7272614
2481 1 11562585
519 2 5381598
2483 1 9991842
517 2 1833511
2485 1 4291236
515 2 9209724
2487 1 8623717
513 2 1341324
2489 1 1323433
511 2 9832573
2491 1 1657377
509 2 2405361
2493 1 8919976
507 2 2289615
2495 1 7752187
505 2 963329
2497 1 6225677
503 2 4998059
2499 1 2753792
501 2 7530428
2501 1 5089954
499 2 10873507
2503 1 2136337
497 2 6383374
2505 1 9020236
495 2 5050955
2507 1 11658075
493 2 8690499
2509 1 11182192
491 2 2622709
2511 1 886036
489 2 1490973
2513 1 8433969
487 2 9669467
2515 1 6634343
485 2 3864200
2517 1 1158224
483 2 4510518
2519 1 11760762
481 2 240520
2521 1 4057676
479 2 6059395
2523 1 5989568
477 2 4390409
2525 1 9944575
475 2 4793208
2527 1 3946210
473 2 6018702
2529 1 1253292
471 2 5889276
2531 1 6187148
469 2 5797898
2533 1 5446424
467 2 2561078
2535 1 9712422
465 2 12174916
2537 1 12198067
463 2 9307242
2539 1 653545
461 2 4088186
2541 1 3744740
459 2 11864141
2543 1 1426825
457 2 2508386
2545 1 4176821
455 2 11088461
2547 1 9315747
453 2 9772178
2549 1 2112173
451 2 1459162
2551 1 3292743
449 2 136021
2553 1 6141147
447 2 9044235
2555 1 8830560
445 2 10482935
2557 1 1906497
443 2 330799
2559 1 642011
441 2 5638750
2561 1 10915356
439 2 11579122
2563 1 10011280
437 2 11467735
2565 1 10631253
435 2 3847691
2567 1 2576796
433 2 5306777
2569 1 477710
431 2 3144659
2571 1 1432149
429 2 6740467
2573 1 6810164
427 2 5753238
2575 1 8800231
425 2 1950057
2577 1 6930415
423 2 2696082
2579 1 2290295
421 2 374369
2581 1 132342
419 2 7618344
2583 1 2585303
417 2 5965989
2585 1 1745872
415 2 592817
2587 1 4966542
413 2 6338726
2589 1 10002370
411 2 3237907
2591 1 8701697
409 2 8556847
2593 1 1975947
407 2 6029476
2595 1 4530104
405 2 1856028
2597 1 6199907
403 2 5649410
2599 1 7685527
401 2 5109813
2601 1 9540253
399 2 1666041
2603 1 5312009
397 2 7112549
2605 1 8221158
395 2 719464
2607 1 1978136
393 2 5048524
2609 1 7139893
391 2 511065
2611 1 7951527
389 2 10586564
2613 1 11290300
387 2 10501596
2615 1 4605984
385 2 5105523
2617 1 4147692
383 2 4507586
2619 1 5539278
381 2 6235122
2621 1 2385110
379 2 5834155
2623 1 9223866
377 2 7052487
2625 1 4881281
375 2 10166798
2627 1 4746134
373 2 11158738
2629 1 2007644
371 2 10850576
2631 1 4403183
369 2 4877728
2633 1 9614515
367 2 2345625
2635 1 7668072
365 2 6725338
2637 1 8220265
363 2 3409608
2639 1 2027450
361 2 11739248
2641 1 678548
359 2 6977581
2643 1 7739909
357 2 6178696
2645 1 6945421
355 2 5536697
2647 1 9783250
353 2 2492783
2649 1 716361
351 2 5342505
2651 1 5302191
349 2 8126661
2653 1 459461
347 2 10123543
2655 1 837412
345 2 9924582
2657 1 8113626
343 2 1347307
2659 1 3613223
341 2 4425971
2661 1 10955672
339 2 7455172
2663 1 4606076
337 2 11577094
2665 1 2495717
335 2 2491015
2667 1 8194250
333 2 2715241
2669 1 6883392
331 2 9545823
2671 1 5682519
329 2 72866
2673 1 2556253
327 2 4326802
2675 1 9001992
325 2 7117869
2677 1 355499
323 2 1857062
2679 1 7653701
321 2 1626273
2681 1 1946713
319 2 2466358
2683 1 9900564
317 2 4670800
2685 1 6198670
315 2 11370544
2687 1 1373345
313 2 421
2689 1 1496599
311 2 7103124
2691 1 10604636
309 2 9313563
2693 1 8947848
307 2 9537106
2695 1 9376958
305 2 9180477
2697 1 739871
303 2 8995887
2699 1 2331027
301 2 8738073
2701 1 8408807
299 2 4220548
2703 1 9543821
297 2 1188000
2705 1 8613532
295 2 4356802
2707 1 11071775
293 2 9136926
2709 1 11812765
291 2 419717
2711 1 1295733
289 2 707420
2713 1 7507253
287 2 11537968
2715 1 4635613
285 2 6022522
2717 1 1559597
283 2 8732613
2719 1 9460555
281 2 4917790
2721 1 4617324
279 2 7604243
2723 1 6506547
277 2 9710497
2725 1 509586
275 2 6209544
2727 1 2202757
273 2 11325649
2729 1 3295655
271 2 9682872
2731 1 8611192
269 2 3091363
2733 1 11697700
267 2 1016706
2735 1 7597464
265 2 10799446
2737 1 9328295
263 2 1564736
2739 1 9029826
261 2 7736541
2741 1 8455932
259 2 7577071
2743 1 4712376
257 2 6048503
2745 1 612610
255 2 854027
2747 1 649102
253 2 11412178
2749 1 6310720
251 2 9641900
2751 1 6132108
249 2 10350523
2753 1 4518411
247 2 5883590
2755 1 3507694
245 2 8806179
2757 1 6587411
243 2 2028653
2759 1 3103405
241 2 7481657
2761 1 7704859
239 2 2091743
2763 1 10307550
237 2 8883136
2765 1 3153110
235 2 9329322
2767 1 8677141
233 2 8331963
2769 1 10026041
231 2 1143015
2771 1 11564048
229 2 2572516
2773 1 7763454
227 2 12118470
2775 1 8847117
225 2 10321700
2777 1 10959732
223 2 1054813
2779 1 2146660
221 2 12155874
2781 1 6266322
219 2 3901959
2783 1 5063885
217 2 9952237
2785 1 1980877
215 2 6544819
2787 1 6893448
213 2 5471048
2789 1 4492067
211 2 3968363
2791 1 5050805
209 2 8538032
2793 1 781252
207 2 10679236
2795 1 6950173
205 2 4410919
2797 1 3394413
203 2 9997403
2799 1 9549966
201 2 7393880
2801 1 4031223
199 2 1347911
2803 1 11105072
197 2 269558
2805 1 4154249
195 2 8163110
2807 1 390012
193 2 7606078
2809 1 9562803
191 2 11541878
2811 1 5321363
189 2 7582266
2813 1 2421540
187 2 5550602
2815 1 9072675
185 2 11114953
2817 1 8448223
183 2 518715
2819 1 4451654
181 2 2894508
2821 1 3002402
179 2 10990058
2823 1 9094940
177 2 3963820
2825 1 4434747
175 2 142905
2827 1 3562823
173 2 549523
2829 1 7134906
171 2 2996535
2831 1 6750883
169 2 6314367
2833 1 11618025
167 2 10218380
2835 1 6823058
165 2 7089130
2837 1 2808022
163 2 6120222
2839 1 6984192
161 2 5555267
2841 1 5509766
159 2 1854962
2843 1 7740411
157 2 7780800
2845 1 7674252
155 2 7172392
2847 1 4521386
153 2 4744047
2849 1 9621707
151 2 1730065
2851 1 10821584
149 2 78071
2853 1 3797286
147 2 5634010
2855 1 5426704
145 2 7396793
2857 1 10975593
143 2 3348047
2859 1 9127780
141 2 9515108
2861 1 2250048
139 2 11394616
2863 1 6531981
137 2 6403004
2865 1 5534663
135 2 4358043
2867 1 6130092
133 2 2441270
2869 1 4847656
131 2 5671017
2871 1 8615746
129 2 1029343
2873 1 2591488
127 2 10810733
2875 1 5498578
125 2 8189943
2877 1 2508895
123 2 3966264
2879 1 6460022
121 2 947014
2881 1 4842690
119 2 6737205
2883 1 1525102
117 2 9532277
2885 1 641341
115 2 11328027
2887 1 7362064
113 2 5557758
2889 1 215884
111 2 6644866
2891 1 9698854
109 2 8231084
2893 1 1150060
107 2 7919797
2895 1 8307515
105 2 8737202
2897 1 2197900
103 2 1192525
2899 1 2798158
101 2 10448208
2901 1 8879961
99 2 2243271
2903 1 5745904
97 2 8353135
2905 1 9994215
95 2 5167924
2907 1 8396274
93 2 1136678
2909 1 8199137
91 2 4607416
2911 1 6780740
89 2 5741755
2913 1 6994329
87 2 11702462
2915 1 6346775
85 2 8573214
2917 1 840991
83 2 1094641
2919 1 7905688
81 2 2632279
2921 1 1099976
79 2 6231786
2923 1 8827383
77 2 8913612
2925 1 1228147
75 2 625753
2927 1 3217047
73 2 11878300
2929 1 8274585
71 2 1791874
2931 1 9604751
69 2 7673439
2933 1 3663535
67 2 7751410
2935 1 2859952
65 2 2701298
2937 1 1382067
63 2 4871557
2939 1 9812803
61 2 3810427
2941 1 11900614
59 2 9791265
2943 1 8333096
57 2 11342230
2945 1 338226
55 2 852653
2947 1 710162
53 2 6995952
2949 1 7514761
51 2 7846635
2951 1 8107562
49 2 4278345
2953 1 11202426
47 2 3473235
2955 1 4702088
45 2 3533091
2957 1 12146288
43 2 1721284
2959 1 5623520
41 2 10330814
2961 1 10054732
39 2 2027368
2963 1 8186944
37 2 8786986
2965 1 6742369
35 2 2674525
2967 1 9773022
33 2 10664642
2969 1 988282
31 2 7817992
2971 1 4501586
29 2 4582449
2973 1 10322263
27 2 1043875
2975 1 9713215
25 2 2080921
2977 1 7275281
23 2 3192324
2979 1 2166615
21 2 9265712
2981 1 819941
19 2 7485851
2983 1 7578017
17 2 7944785
2985 1 4972716
15 2 1140527
2987 1 9184561
13 2 10976879
2989 1 28990
11 2 7026852
2991 1 4049326
9 2 6480738
2993 1 993867
7 2 2870752
2995 1 5727447
5 2 12103299
2997 1 203862
3 2 1609745
2999 1 6569509
1 2 1855807
