100 100
50 1 1
50 1 1
50 1 1
50 2 1
50 2 1
50 1 1
50 2 1
50 2 1
50 2 1
50 2 1
50 2 1
50 1 1
50 2 1
50 2 1
50 2 1
50 2 1
50 2 1
50 2 1
50 2 1
50 1 1
50 1 1
50 1 1
50 1 1
50 2 1
50 1 1
50 2 1
50 2 1
50 1 1
50 1 1
50 1 1
50 1 1
50 1 1
50 2 1
50 2 1
50 1 1
50 1 1
50 2 1
50 1 1
50 2 1
50 1 1
50 2 1
50 2 1
50 2 1
50 1 1
50 1 1
50 2 1
50 2 1
50 2 1
50 2 1
50 1 1
50 1 1
50 1 1
50 1 1
50 2 1
50 1 1
50 2 1
50 2 1
50 1 1
50 1 1
50 1 1
50 2 1
50 1 1
50 2 1
50 2 1
50 2 1
50 2 1
50 2 1
50 2 1
50 2 1
50 2 1
50 1 1
50 1 1
50 2 1
50 2 1
50 1 1
50 1 1
50 1 1
50 1 1
50 1 1
50 1 1
50 1 1
50 2 1
50 1 1
50 1 1
50 1 1
50 1 1
50 2 1
50 1 1
50 1 1
50 2 1
50 1 1
50 1 1
50 2 1
50 1 1
50 2 1
50 2 1
50 1 1
50 2 1
50 2 1
50 2 1
