3000 3000
1541 1 7039
1519 1 6061
1512 2 5370
1531 2 8592
1545 1 7842
1541 2 899
1542 1 8600
1518 1 8386
1521 1 4666
1517 1 6600
1503 2 977
1523 2 2384
1503 1 1540
1512 2 1242
1523 1 1528
1516 1 7525
1538 1 5667
1514 2 3905
1540 1 9183
1506 1 5802
1529 1 4623
1506 1 563
1531 2 5805
1526 1 2570
1518 2 4800
1533 1 1376
1504 1 906
1523 2 6080
1524 2 6867
1527 1 3280
1536 1 7324
1505 1 2698
1531 1 4311
1541 1 4195
1507 2 800
1507 2 702
1545 1 4570
1521 1 8953
1506 1 3094
1500 2 1661
1510 2 8533
1548 2 7016
1502 1 6556
1524 2 3775
1548 1 243
1531 2 8508
1518 1 2723
1527 2 8257
1548 2 1014
1510 1 5096
1509 2 6216
1500 1 4192
1548 1 785
1544 1 5718
1545 2 4018
1523 2 3715
1548 1 715
1530 2 7005
1539 2 3424
1522 1 2977
1538 2 117
1508 1 1548
1506 1 2635
1522 1 487
1512 2 1070
1519 1 277
1531 2 7787
1521 1 2220
1542 1 4448
1500 2 4294
1511 2 748
1505 2 3415
1532 1 6777
1517 1 2187
1519 2 1960
1526 1 9053
1525 2 8193
1541 1 1528
1518 2 8950
1529 2 8398
1549 2 6707
1543 1 608
1536 1 4665
1505 2 6711
1516 2 4479
1513 2 6530
1512 2 1171
1513 1 402
1546 1 6206
1546 2 9124
1535 1 1492
1544 2 2103
1503 1 6685
1545 2 2309
1524 1 6817
1537 2 7869
1502 1 560
1514 1 1653
1522 1 280
1537 2 7079
1523 1 6692
1542 1 3355
1513 2 1487
1527 1 2526
1523 2 6826
1503 2 5692
1525 1 227
1522 1 5663
1537 1 766
1520 2 5412
1511 2 327
1535 1 8971
1545 2 2462
1526 1 9075
1521 2 3585
1501 1 959
1519 2 4501
1510 2 6163
1520 2 1217
1543 2 3759
1532 2 6910
1527 2 7738
1529 1 1676
1502 1 5042
1537 2 362
1514 1 5721
1530 2 2342
1511 1 6928
1540 2 101
1540 2 3275
1500 1 5765
1515 1 2010
1508 1 8774
1507 1 1238
1513 1 5952
1510 1 4608
1505 1 2994
1535 1 2221
1523 1 7359
1526 2 245
1537 2 8050
1546 1 3580
1517 2 5668
1523 2 2882
1509 2 43
1503 1 893
1504 2 4640
1532 2 2812
1511 1 4250
1525 1 4312
1504 2 5104
1509 1 1796
1526 2 3306
1500 2 6012
1543 1 7366
1506 2 4141
1512 1 3738
1513 2 2242
1542 2 6586
1524 2 8639
1546 2 3091
1525 1 4991
1517 2 1505
1519 1 7633
1535 2 210
1540 1 6878
1501 1 4827
1535 2 1445
1514 2 1532
1525 2 5199
1549 2 4650
1517 1 3312
1513 2 9042
1515 1 2358
1524 2 7139
1520 1 4422
1525 1 2541
1537 2 8681
1521 2 2547
1510 1 4308
1514 2 5076
1541 1 1137
1500 2 8264
1503 2 1149
1534 1 9056
1513 1 3078
1546 1 6498
1519 1 828
1515 1 4896
1518 2 3558
1532 2 2583
1520 2 2036
1523 2 7719
1515 2 5067
1547 2 5900
1509 2 1288
1538 1 1287
1521 1 217
1546 2 3246
1530 2 4421
1536 1 782
1535 2 4368
1524 2 6470
1507 2 6647
1518 2 6988
1505 1 6648
1534 1 4509
1525 1 6807
1548 1 7431
1523 2 2987
1526 2 8206
1515 2 6469
1514 1 1293
1536 2 2961
1515 2 6745
1525 1 6718
1540 1 2849
1543 1 2971
1508 1 3332
1503 1 1026
1548 2 1308
1509 1 5489
1518 2 3833
1511 1 384
1543 2 1915
1539 2 8251
1524 2 1113
1531 2 8957
1508 2 1672
1545 1 8665
1535 2 1539
1522 1 6190
1511 2 8327
1509 2 3762
1537 1 8251
1521 2 3314
1505 2 4415
1512 1 1447
1535 1 7809
1530 2 2230
1515 1 3817
1523 1 6476
1506 1 2196
1541 2 6540
1528 1 5075
1521 2 5911
1533 2 878
1518 2 1455
1500 2 6404
1536 2 4671
1517 1 7748
1521 1 2135
1516 2 6173
1531 1 1961
1521 1 6792
1509 2 6853
1524 1 3522
1523 1 3725
1518 2 2232
1531 1 8695
1514 1 3025
1540 1 3643
1504 1 4993
1541 1 2104
1539 1 3727
1545 2 2514
1538 1 6757
1509 1 3263
1512 1 8443
1546 2 4212
1547 2 7727
1548 1 5849
1528 1 8059
1532 2 4552
1512 2 3787
1518 2 1923
1516 2 3942
1508 1 8661
1510 2 4319
1525 1 6600
1548 1 7805
1538 2 8337
1525 2 1038
1515 1 531
1505 1 7012
1511 2 6246
1530 2 7047
1525 1 8018
1537 1 4806
1514 2 5630
1535 1 8310
1537 1 1063
1508 2 4404
1502 1 6943
1526 1 9195
1549 2 4879
1543 2 2778
1519 2 8844
1516 2 888
1514 1 4050
1509 2 8332
1539 1 5553
1508 1 871
1510 2 773
1510 2 4361
1545 1 4717
1502 1 4227
1522 2 2569
1527 2 2008
1544 1 1106
1531 2 8469
1528 2 4081
1508 2 5549
1509 1 2685
1519 1 6966
1516 1 7190
1537 1 7629
1547 1 8394
1531 1 9012
1523 1 1127
1520 1 8703
1540 1 2121
1527 1 6564
1527 2 6989
1546 2 7469
1526 1 9178
1503 2 9013
1508 2 937
1543 1 4848
1528 2 4279
1542 2 1700
1515 2 6950
1534 1 6455
1501 2 7766
1520 2 5643
1540 2 1854
1529 2 1022
1542 1 3507
1526 1 3749
1501 1 978
1533 1 5677
1522 2 5909
1518 2 546
1538 1 692
1514 2 7625
1513 1 6196
1539 2 3202
1536 1 1036
1530 1 4783
1533 2 2893
1510 1 8836
1532 2 2209
1544 1 8811
1547 1 8058
1514 2 6312
1515 1 3812
1512 2 1732
1524 1 90
1504 2 1774
1530 1 5130
1540 2 6234
1533 2 5405
1502 1 3601
1540 2 8646
1540 1 1004
1510 2 7693
1521 2 3182
1520 1 2309
1540 2 3731
1518 2 7708
1524 1 2837
1517 2 3480
1520 1 4055
1522 2 3576
1506 2 3134
1516 2 2915
1504 1 5739
1510 2 3713
1536 1 3401
1537 2 951
1506 1 2588
1549 2 7661
1521 1 2413
1528 1 6770
1527 2 8220
1531 1 7565
1503 2 8039
1543 2 4095
1529 2 8507
1541 1 6681
1501 1 5009
1527 1 6644
1524 1 6864
1546 2 7018
1549 1 3509
1536 1 1640
1512 1 3590
1530 2 7476
1513 1 8727
1528 2 3004
1545 2 2308
1500 2 3748
1514 1 6470
1546 1 2575
1510 2 8908
1505 1 2478
1501 1 7789
1526 1 6566
1516 1 8904
1514 2 138
1548 2 3866
1532 1 4798
1502 2 3265
1521 1 7078
1518 1 8143
1509 2 3841
1522 1 4250
1503 1 5394
1526 2 7639
1511 2 3342
1516 2 7198
1523 2 4963
1531 1 6088
1543 2 6193
1531 2 8397
1547 2 38
1522 1 5378
1515 2 1499
1506 1 3165
1521 2 7117
1520 1 3574
1509 1 1186
1517 1 3313
1518 2 8929
1518 2 1150
1536 1 8215
1521 2 666
1518 2 6648
1537 2 5197
1510 2 9043
1502 2 147
1535 1 7004
1527 1 8857
1513 2 4613
1538 2 8470
1547 1 6510
1537 2 4006
1501 2 3530
1503 2 4329
1525 2 9045
1522 2 851
1543 1 8193
1511 2 4519
1516 1 3617
1531 2 598
1509 2 5207
1515 2 8869
1530 2 6104
1521 1 5818
1502 1 4906
1525 1 7310
1530 1 5752
1508 1 2091
1508 1 2623
1524 1 750
1535 2 8247
1505 1 5278
1531 1 4378
1525 1 3647
1505 1 1646
1521 1 5235
1518 1 2540
1500 2 1498
1519 1 632
1529 2 1256
1511 2 6165
1533 1 3842
1503 1 3759
1518 2 8402
1502 1 7266
1505 2 6801
1526 1 5256
1529 1 1585
1521 1 6092
1533 1 7896
1529 2 1467
1537 1 6940
1535 1 5424
1512 2 6624
1507 1 5568
1521 2 4753
1547 1 4209
1522 1 9163
1501 1 2205
1501 1 4766
1521 2 4870
1521 2 2356
1510 1 5736
1512 2 6070
1543 1 1016
1508 2 2465
1545 1 181
1539 2 8699
1525 2 7269
1530 1 5784
1530 2 8892
1505 2 3083
1538 2 6854
1509 1 277
1537 1 8221
1543 2 6963
1506 2 7395
1532 1 618
1534 2 5250
1517 1 5734
1537 2 3524
1537 2 2253
1510 1 6732
1536 2 2530
1534 1 8274
1526 2 4036
1540 2 2771
1539 2 2669
1543 2 990
1503 2 6759
1545 1 819
1533 2 7492
1543 1 8485
1528 1 5144
1541 1 5430
1543 2 7789
1502 1 4612
1541 1 5572
1516 2 5979
1526 1 1220
1510 1 6186
1513 1 2264
1510 2 3051
1545 2 7328
1539 2 7548
1502 2 866
1526 2 399
1520 2 6253
1506 1 5654
1519 2 1575
1545 2 816
1538 2 9037
1522 2 1204
1525 1 8284
1504 2 1094
1533 2 6331
1500 2 1203
1511 2 4503
1508 1 5931
1529 1 8882
1502 2 5049
1535 1 2780
1544 1 8789
1542 2 5854
1519 2 5815
1514 2 7456
1523 2 1255
1502 2 2553
1502 1 3484
1544 1 334
1515 2 5
1520 2 1914
1519 2 1027
1502 2 6582
1522 1 412
1500 2 2935
1542 2 6363
1516 1 8135
1515 2 2089
1535 1 5326
1502 1 8375
1522 1 8734
1538 1 3488
1548 2 2898
1539 2 1738
1503 2 805
1539 1 1855
1514 1 4846
1531 2 4987
1521 2 138
1540 2 5660
1530 1 656
1503 1 5571
1507 2 5370
1540 2 3611
1516 2 9170
1545 2 4368
1501 2 7638
1533 2 2607
1525 2 3708
1537 2 2529
1538 2 8317
1518 1 8955
1509 1 7545
1548 1 6646
1517 2 3659
1546 1 415
1526 2 1678
1510 2 3143
1505 2 1799
1534 1 3902
1523 2 5846
1537 2 2287
1544 1 938
1539 2 3876
1549 2 508
1548 2 5533
1523 1 5872
1511 2 7434
1516 1 7235
1503 1 1864
1542 2 8629
1530 1 4405
1527 2 6345
1524 1 3269
1539 2 1894
1547 1 2743
1525 2 8686
1516 1 3989
1526 1 3724
1501 2 3412
1535 1 7149
1505 1 4201
1527 2 867
1522 1 4810
1546 2 7621
1525 2 1965
1528 1 922
1527 2 6787
1525 2 6793
1537 1 343
1506 2 3733
1545 1 9002
1523 1 2684
1505 1 3982
1539 2 3375
1531 1 1116
1529 2 3839
1545 1 1060
1522 1 2893
1547 2 9157
1527 2 871
1528 1 6994
1528 2 4637
1526 2 7226
1524 2 8267
1512 2 4629
1534 2 4682
1543 2 5009
1521 1 144
1527 2 3100
1541 2 7482
1522 2 7704
1515 2 8460
1500 2 9060
1529 1 6640
1524 2 4309
1535 1 3959
1529 1 6330
1523 1 593
1543 2 4525
1517 1 1316
1504 2 4599
1521 1 839
1542 1 8155
1521 1 508
1504 2 4781
1543 1 1683
1538 1 4448
1540 1 3114
1508 1 4039
1537 1 3787
1527 2 4419
1548 2 4001
1504 2 4201
1533 2 9012
1536 1 8764
1542 1 1292
1543 2 1280
1513 2 2993
1506 2 5515
1509 1 6997
1524 1 6292
1501 1 7862
1541 1 1196
1505 1 4098
1502 2 1084
1516 1 1728
1532 2 7458
1529 2 515
1503 2 3409
1522 2 1169
1540 2 7769
1507 2 7829
1521 1 7388
1523 1 1724
1537 1 341
1539 2 421
1510 2 6578
1509 2 7474
1542 1 2592
1538 1 7651
1533 2 740
1538 1 6589
1514 2 8232
1519 1 3125
1507 2 4307
1543 2 1468
1526 2 7283
1534 1 4536
1514 2 8943
1514 1 3947
1500 2 7577
1543 2 6508
1535 1 6935
1511 1 7239
1538 1 5372
1523 1 7563
1537 2 4825
1542 2 2235
1511 1 9052
1548 1 2266
1529 1 3464
1545 2 9207
1528 2 5392
1531 1 284
1533 1 5240
1530 2 4578
1510 2 2454
1527 1 2909
1521 1 6618
1511 2 3776
1521 1 4943
1525 2 9005
1548 2 3161
1531 1 4591
1518 2 384
1509 1 8276
1500 1 2972
1530 2 8063
1504 1 6971
1504 2 4501
1521 2 1644
1521 2 987
1535 2 5838
1510 1 8711
1506 2 1560
1537 2 3958
1540 2 6099
1509 1 866
1503 2 7113
1543 2 7067
1540 1 7354
1512 2 5822
1517 2 4609
1530 1 955
1539 1 5920
1544 2 239
1520 1 609
1514 1 2538
1505 2 614
1543 2 7180
1512 2 5461
1548 2 8279
1504 2 372
1540 2 2916
1517 1 2625
1500 1 1189
1535 2 2670
1537 2 903
1529 1 7704
1530 2 7642
1535 1 2624
1505 1 1981
1525 1 8525
1540 1 1543
1539 1 3463
1512 2 9036
1514 1 833
1520 2 5291
1543 1 7411
1531 1 3583
1526 2 5655
1523 1 3590
1545 2 2216
1528 1 5899
1513 1 6690
1529 1 576
1515 1 8896
1548 1 5176
1545 1 4317
1511 2 2160
1502 1 8401
1505 2 5506
1515 1 5714
1528 2 4727
1535 1 7923
1533 2 3291
1532 1 6487
1532 2 2635
1510 2 6416
1543 2 120
1521 2 5949
1529 2 8347
1530 1 7667
1526 2 6138
1538 1 3458
1524 1 7834
1544 2 5816
1505 2 3533
1540 2 6647
1528 2 192
1542 2 3388
1543 2 5939
1504 2 1883
1535 2 102
1523 2 2725
1546 1 4161
1546 2 2921
1530 2 7437
1520 2 338
1513 1 879
1500 1 7840
1525 2 7559
1545 2 395
1517 2 6895
1541 1 3039
1500 1 856
1543 2 2636
1543 2 1842
1525 1 5505
1500 1 7425
1523 2 4987
1546 1 5852
1538 2 7351
1549 2 7807
1501 1 6790
1517 2 8220
1521 2 5786
1544 1 3912
1542 1 6517
1541 1 5239
1544 2 5986
1534 2 8947
1549 2 7148
1532 1 8166
1513 1 5902
1517 1 8931
1502 1 2244
1537 1 3845
1527 1 8310
1521 2 4414
1514 2 5763
1545 1 1104
1548 1 8578
1543 1 1918
1514 1 130
1515 2 7241
1502 2 4943
1538 1 7100
1506 2 2531
1508 1 2676
1538 1 7188
1506 2 4513
1501 1 2417
1547 1 4448
1510 1 5280
1544 2 4058
1528 1 8210
1535 1 8459
1506 2 3516
1502 1 7467
1529 1 514
1540 1 6579
1539 1 5643
1522 1 2749
1527 1 4557
1535 2 6566
1501 2 1382
1522 1 3305
1511 1 4501
1539 1 6463
1502 2 5963
1536 1 5012
1529 1 6854
1545 1 6951
1519 2 3778
1535 1 1901
1504 1 6586
1521 1 7184
1510 1 2748
1527 1 5066
1538 2 2710
1530 1 7148
1503 2 3013
1538 1 1171
1540 2 7640
1504 2 1908
1549 1 1320
1532 2 4682
1537 1 2693
1533 1 7341
1518 1 3288
1537 2 6426
1519 1 5419
1540 1 2579
1520 2 2146
1547 1 2449
1503 1 3679
1524 2 6426
1512 1 8691
1504 2 5660
1512 1 569
1522 1 3570
1500 1 6704
1531 1 6396
1507 1 2743
1535 1 4769
1525 1 7728
1538 2 1515
1542 2 4451
1503 1 6648
1509 2 7429
1539 1 5652
1549 2 6339
1547 2 1200
1512 2 8700
1530 2 83
1536 1 5807
1536 2 7087
1549 2 369
1535 2 2661
1525 1 7695
1529 2 606
1536 1 1785
1534 1 3165
1504 1 6072
1511 1 2961
1533 1 6164
1545 1 6389
1507 1 7986
1549 2 3022
1540 1 675
1517 2 5102
1534 1 2695
1539 1 3612
1514 2 7931
1526 2 6042
1512 2 5679
1520 1 8775
1511 2 8437
1506 2 2264
1508 2 3121
1518 1 6274
1547 2 6996
1509 2 1993
1536 1 8212
1529 2 7977
1547 1 6643
1505 2 8521
1516 2 642
1527 1 2612
1540 2 5751
1539 2 678
1521 1 3003
1512 2 2624
1524 1 282
1549 2 1235
1516 2 6355
1541 2 8675
1505 1 6013
1539 1 3369
1534 1 3752
1518 2 5671
1533 1 6786
1515 1 8189
1506 2 5831
1544 1 2737
1526 1 968
1541 2 8062
1521 2 7299
1516 1 5315
1505 1 3613
1525 2 8263
1546 1 1422
1501 1 1954
1549 1 2316
1525 2 6417
1543 1 2565
1546 1 713
1500 1 4348
1500 2 1147
1510 1 672
1500 1 1365
1534 1 3888
1516 2 1667
1501 1 7969
1521 1 8827
1543 1 673
1517 2 6886
1515 1 2086
1532 2 860
1517 2 2254
1513 2 253
1511 2 7871
1513 1 5929
1517 1 1456
1516 1 3873
1522 2 4772
1508 1 6385
1546 2 1843
1546 1 4878
1514 1 4841
1515 1 3399
1502 2 7800
1517 2 7030
1504 2 7572
1538 2 6727
1547 2 5081
1508 2 8184
1549 1 3385
1536 2 2553
1503 2 2376
1517 2 8201
1531 2 4877
1509 2 266
1526 1 5448
1534 2 4127
1531 1 7126
1538 1 5716
1505 2 3516
1541 2 6064
1529 2 4952
1504 1 8331
1529 1 6731
1522 2 9216
1536 2 5747
1510 2 8621
1540 2 4028
1542 2 8821
1511 1 2836
1533 1 4780
1502 1 2904
1547 1 8817
1536 1 3518
1533 2 4997
1514 2 4414
1518 1 2218
1508 1 2383
1501 1 9143
1502 1 6612
1512 2 8644
1500 1 8781
1501 1 5209
1548 2 6650
1512 2 877
1521 1 8053
1541 2 8321
1526 2 7985
1533 1 5378
1519 2 3792
1520 2 7663
1539 2 1875
1527 2 8486
1522 2 5566
1513 2 2838
1536 2 1529
1502 1 327
1536 1 1568
1542 1 247
1546 1 6850
1547 2 7083
1502 1 4056
1507 1 8977
1509 2 4863
1510 2 7960
1533 2 6341
1525 1 8857
1522 2 8461
1515 1 848
1506 1 8364
1526 2 7794
1508 1 8495
1504 1 2673
1506 2 5491
1529 1 3550
1517 2 5176
1519 2 4515
1512 1 96
1547 1 7695
1515 2 3845
1513 2 3456
1531 1 2155
1538 2 5915
1505 1 6879
1528 2 9030
1523 2 2906
1511 1 8295
1537 2 2524
1526 2 4080
1506 2 3552
1546 1 4262
1529 2 2267
1535 1 5934
1507 2 3384
1519 1 3586
1542 1 784
1509 2 5861
1515 2 8974
1513 2 2503
1518 2 3765
1528 2 84
1524 2 6021
1535 2 3782
1545 2 4099
1508 2 6221
1531 1 9075
1540 2 3115
1502 2 3723
1511 1 2861
1513 1 3671
1517 1 7705
1537 1 7010
1514 1 1759
1525 2 2064
1542 1 550
1518 1 5511
1529 2 115
1508 2 5500
1518 1 6560
1506 1 6401
1510 1 5707
1544 1 1749
1544 1 7168
1519 1 6155
1523 2 3718
1537 2 3983
1519 1 8746
1515 2 1641
1528 1 4585
1546 1 8966
1516 1 4029
1533 1 433
1512 2 4195
1542 2 8779
1546 1 6831
1525 1 3222
1509 1 3186
1504 2 7141
1522 2 8322
1517 1 4900
1525 2 8550
1522 1 8364
1520 2 8835
1522 1 2328
1504 2 6999
1516 1 6839
1539 2 1446
1522 2 3695
1504 1 8669
1524 1 7988
1522 2 2610
1507 2 5350
1545 1 1348
1509 1 40
1522 1 213
1528 2 752
1535 1 7147
1506 1 648
1546 1 1721
1506 1 7996
1541 1 2629
1504 1 7038
1504 2 805
1511 2 8977
1535 1 239
1505 2 6226
1531 2 3597
1542 2 7447
1511 1 996
1519 2 6881
1528 1 1896
1540 1 4211
1545 1 5325
1516 1 8256
1526 2 6980
1532 2 59
1505 1 7821
1515 2 6221
1532 1 8527
1528 2 8068
1519 2 9197
1549 1 4298
1543 1 1576
1536 1 1110
1500 2 8694
1546 2 6795
1502 2 1952
1536 2 6988
1524 1 5735
1525 1 1753
1502 1 911
1511 2 8009
1514 2 7423
1517 2 6352
1515 2 1279
1515 1 4446
1519 2 1723
1540 2 1988
1526 1 2218
1543 2 4068
1536 2 7079
1505 2 7585
1544 2 6729
1517 2 4112
1527 2 4954
1541 1 3505
1522 1 7119
1543 2 455
1521 2 7059
1516 1 8428
1507 1 4111
1532 2 6791
1548 1 8259
1529 1 3824
1533 2 3230
1520 1 11
1527 1 7614
1503 2 2519
1535 1 3939
1501 2 1893
1526 2 6348
1538 2 2247
1543 2 6802
1509 2 3420
1539 2 6894
1531 1 1859
1500 2 2775
1523 2 5160
1500 1 911
1513 1 661
1535 1 5228
1506 1 746
1533 1 1302
1540 2 3894
1541 1 9168
1508 2 5469
1541 1 1441
1525 1 2021
1530 1 4682
1503 1 7148
1520 1 7650
1549 2 4226
1535 2 7314
1531 2 4610
1526 1 4914
1542 1 1363
1516 2 4180
1540 2 3076
1531 2 4664
1525 2 638
1526 2 6099
1539 2 2367
1545 2 7176
1542 2 955
1540 1 5333
1543 2 9233
1514 1 4439
1524 2 5962
1517 2 8533
1530 1 4027
1500 1 6102
1532 1 663
1544 1 6473
1542 2 6255
1512 2 8547
1502 1 5049
1507 1 771
1545 1 6399
1524 1 1500
1513 1 8147
1501 2 772
1524 1 1352
1524 2 2884
1526 1 1833
1537 2 3768
1501 1 9185
1506 1 6028
1534 2 4264
1508 1 14
1538 1 7395
1516 2 2936
1521 2 132
1529 2 4734
1544 1 9123
1517 1 6255
1548 1 2221
1543 2 7100
1527 2 4220
1531 1 2434
1542 2 4217
1517 2 1585
1516 1 7839
1506 2 5533
1545 2 6028
1542 1 7772
1531 1 4880
1522 2 467
1524 2 4108
1544 2 4837
1520 2 6593
1513 1 8219
1503 2 6569
1540 2 8274
1501 2 8335
1537 1 343
1509 2 8750
1531 1 3351
1521 1 1886
1544 1 245
1515 1 3291
1533 1 9130
1545 2 569
1537 1 56
1539 1 5035
1530 2 9006
1510 2 933
1532 1 6267
1536 1 9208
1523 1 2942
1539 2 3231
1524 2 4122
1531 1 967
1520 2 333
1526 1 4042
1502 2 5606
1528 2 7368
1532 2 8893
1535 1 7291
1535 2 1788
1546 1 6127
1522 2 7713
1515 1 8811
1528 1 5498
1504 1 1476
1519 2 1444
1544 2 6867
1545 2 2093
1510 2 7223
1506 1 7011
1505 2 4358
1525 2 4538
1517 2 1456
1543 1 8794
1524 2 7404
1510 1 8200
1524 1 343
1501 2 518
1517 1 6378
1540 2 5248
1549 1 3289
1536 2 6767
1525 2 8314
1531 2 6976
1501 1 8306
1514 1 5569
1520 1 2434
1511 1 6406
1529 2 2947
1532 2 369
1516 1 625
1504 2 5954
1533 1 5188
1547 1 1265
1504 1 192
1538 1 5255
1530 2 5986
1539 2 6897
1534 1 7770
1502 1 1733
1522 2 569
1533 2 5434
1546 2 3176
1520 1 2653
1532 2 8307
1507 1 3983
1517 1 6263
1526 1 2334
1503 2 4382
1510 1 7776
1527 2 4228
1513 2 518
1501 1 6106
1503 1 331
1514 2 2113
1522 1 9034
1548 2 3887
1519 2 2773
1511 2 5316
1501 2 8567
1542 2 6191
1500 2 6678
1500 1 5250
1517 1 6817
1545 2 985
1521 2 2714
1537 2 1667
1534 1 1190
1541 1 41
1537 1 7668
1515 1 6704
1544 2 2197
1528 2 1344
1512 2 8344
1542 1 642
1517 2 2171
1542 2 8226
1547 2 390
1537 1 7658
1503 1 8363
1506 1 1686
1529 2 3553
1502 1 5459
1504 1 5583
1521 2 8578
1524 2 3312
1549 2 4998
1535 1 3739
1517 2 4294
1504 1 2999
1529 1 5340
1512 1 7120
1547 1 7558
1536 2 9114
1503 2 3965
1527 1 6905
1546 1 1176
1532 1 302
1524 2 4710
1532 2 5221
1532 2 2838
1535 1 2963
1549 2 1939
1543 1 6014
1504 2 4036
1500 1 6427
1518 1 6861
1501 2 1282
1539 2 5553
1500 2 2125
1533 1 4244
1546 2 5848
1546 2 5835
1545 1 6249
1504 1 6447
1519 2 3471
1535 2 4477
1520 1 5834
1544 2 9005
1505 2 8318
1506 1 4170
1541 2 4994
1500 2 2913
1512 1 3413
1502 1 1128
1512 1 7447
1500 2 7748
1520 1 224
1514 2 1272
1532 1 3190
1543 1 5699
1538 1 1248
1519 1 3247
1520 2 3377
1548 2 3581
1503 2 2290
1512 2 3902
1518 1 631
1538 2 8970
1543 2 2359
1537 1 4324
1504 1 4772
1529 1 2351
1525 2 1653
1532 2 2387
1527 1 7421
1527 1 4592
1525 1 1764
1540 1 2328
1547 2 4352
1510 2 1736
1503 2 1055
1524 1 6834
1535 1 6393
1523 1 643
1523 2 1561
1541 2 8695
1514 2 3649
1523 2 4760
1535 1 1700
1528 2 3874
1509 2 1912
1540 1 7394
1504 2 1597
1543 2 403
1512 2 8989
1542 1 3668
1542 1 2329
1514 2 9162
1516 1 5018
1549 1 1057
1531 2 3594
1514 2 7701
1543 2 913
1539 2 2848
1509 2 7954
1512 1 3744
1529 1 7145
1501 1 5816
1512 1 3398
1533 1 6013
1507 1 7876
1526 2 7995
1535 1 8723
1517 2 3920
1520 2 1194
1508 2 8482
1532 2 3223
1523 1 3265
1546 1 6420
1515 2 9137
1524 2 6209
1532 2 312
1501 2 5783
1511 2 5148
1535 1 3744
1518 2 3394
1512 1 6299
1525 1 4808
1532 2 4783
1522 2 5219
1501 1 6090
1526 2 1595
1518 1 7360
1516 1 1397
1523 1 7923
1541 2 7163
1520 2 8955
1531 1 4856
1523 1 5908
1538 2 7364
1548 2 947
1540 2 5273
1539 2 7961
1538 2 6146
1517 2 1643
1531 2 6961
1534 1 9231
1532 2 1170
1523 1 1687
1543 2 708
1512 1 1546
1506 1 4703
1508 2 7041
1505 2 2270
1543 1 7075
1516 1 2440
1536 2 823
1540 2 6300
1528 1 9216
1527 2 2815
1509 1 6665
1548 2 4783
1508 2 8517
1501 2 7675
1507 2 7101
1503 1 7923
1514 1 3781
1530 2 3613
1513 1 2847
1516 2 4857
1527 2 8688
1532 1 5768
1537 2 6893
1540 2 4603
1543 1 501
1506 2 6701
1541 1 5005
1544 1 1670
1547 1 7050
1543 2 2081
1519 1 5098
1531 2 1743
1516 2 9167
1540 1 2433
1509 2 1361
1543 1 5570
1507 2 5557
1519 2 3296
1541 2 1288
1518 2 3917
1511 2 367
1525 2 4019
1527 2 7341
1521 2 2650
1541 2 3293
1535 1 7769
1536 1 1569
1539 1 2881
1518 2 1989
1537 2 7205
1504 1 6143
1515 1 7627
1514 1 6171
1513 2 2765
1501 1 5850
1530 1 2677
1508 2 3588
1512 2 2316
1505 1 3576
1502 1 1471
1546 1 347
1536 2 4277
1506 1 5722
1531 1 298
1526 1 5524
1529 1 8097
1527 2 7015
1542 2 9190
1528 1 2025
1548 2 6704
1538 2 7357
1500 2 434
1530 2 7080
1515 1 5974
1540 1 8878
1538 1 7907
1521 1 5350
1522 1 6619
1525 1 1659
1520 1 3729
1541 1 8393
1522 1 1045
1516 1 3047
1537 2 3062
1517 2 8390
1543 2 3815
1508 1 4684
1536 1 3682
1522 2 4594
1531 2 3503
1501 2 3913
1533 2 5037
1503 1 7674
1521 2 105
1538 1 2774
1523 1 8928
1531 2 5701
1503 1 8832
1501 1 7746
1512 1 2004
1512 1 4924
1530 1 7606
1515 2 2930
1513 2 8097
1543 1 2436
1542 1 2
1502 2 4720
1507 2 4528
1501 1 1036
1541 2 2497
1544 1 1379
1538 2 6285
1535 2 9189
1530 1 856
1504 1 5019
1545 2 8773
1544 2 2715
1516 2 6626
1530 2 5615
1523 2 1697
1537 2 3442
1510 2 6794
1513 2 5232
1515 2 3443
1537 1 1805
1511 2 9061
1537 2 2656
1501 2 4977
1520 2 385
1523 2 7246
1501 2 5058
1500 1 3360
1511 2 6371
1514 1 9173
1541 2 4980
1521 2 3689
1533 1 4836
1518 2 6471
1549 1 2295
1544 1 6654
1535 2 3697
1506 2 1324
1514 1 8310
1525 1 4477
1538 2 4300
1524 1 2298
1502 2 1009
1519 1 6132
1545 2 6369
1512 2 3236
1502 2 2649
1533 2 912
1524 2 58
1545 2 5711
1547 1 9036
1512 1 8065
1518 1 1292
1518 1 5578
1503 2 8921
1545 1 4877
1525 2 7976
1535 2 8952
1548 1 3065
1500 1 6316
1545 2 2262
1542 2 2166
1521 2 6488
1502 2 8542
1506 2 626
1523 2 9051
1503 1 3823
1507 2 8365
1526 2 5913
1510 1 8559
1520 1 6350
1541 2 6675
1520 1 8965
1514 1 3796
1515 2 3654
1504 1 2642
1510 2 1824
1525 2 8959
1548 1 3522
1549 1 1022
1537 2 5343
1514 2 662
1537 1 92
1534 1 5486
1534 2 6777
1505 2 8846
1527 1 260
1549 2 3732
1504 2 2116
1500 2 5428
1546 1 3425
1541 1 6691
1520 1 1604
1528 2 8383
1539 1 592
1515 2 5054
1513 2 5047
1533 1 8610
1532 1 3618
1512 1 273
1513 1 2092
1515 2 7466
1518 1 6957
1533 2 2623
1533 1 8664
1549 2 1724
1547 1 883
1509 1 2337
1539 1 3297
1535 2 2411
1535 2 5246
1511 1 290
1529 2 8805
1545 2 2621
1539 2 4306
1545 2 8109
1505 1 8944
1500 1 2997
1525 1 2729
1543 2 1238
1525 1 5543
1548 2 151
1530 2 5198
1519 2 7648
1520 2 9221
1532 1 9039
1537 2 9010
1544 2 4912
1544 1 8632
1546 1 1524
1540 1 8085
1535 2 8202
1514 1 2574
1518 1 8866
1511 2 8628
1545 2 5591
1533 1 4189
1538 2 1851
1535 2 430
1500 1 5067
1540 2 7242
1504 1 3089
1517 1 6165
1502 2 2906
1520 2 7362
1517 2 3782
1505 2 521
1537 1 2668
1532 2 4405
1530 1 2013
1538 2 5997
1503 1 5051
1510 1 4759
1523 1 6233
1538 1 804
1512 2 8477
1501 1 7738
1518 2 2405
1531 1 2528
1530 1 3064
1518 1 7119
1506 2 8877
1549 1 6174
1505 1 4595
1500 2 2945
1547 1 920
1534 1 5063
1538 2 1292
1540 1 366
1527 2 5915
1549 1 333
1504 2 4912
1532 1 8530
1526 2 3903
1516 1 5493
1533 1 3665
1548 2 5684
1509 2 5881
1541 1 1372
1541 2 4572
1523 1 1296
1543 1 8348
1516 1 6668
1545 1 5629
1527 1 404
1505 1 3621
1541 2 3287
1516 2 3664
1515 1 1673
1546 1 7669
1526 2 1686
1519 2 3545
1522 2 5334
1525 2 8569
1545 1 1284
1501 2 2572
1542 1 3129
1513 2 2666
1511 2 7465
1526 1 6313
1524 2 2172
1512 2 6109
1508 1 3118
1548 2 5906
1516 1 7801
1531 1 5720
1500 2 3710
1548 2 5730
1534 2 3695
1517 2 1112
1531 1 9081
1537 2 5765
1529 2 6337
1516 1 5264
1549 2 3803
1546 1 2260
1548 1 1640
1538 1 2831
1525 2 5375
1510 2 6637
1500 2 495
1530 1 3041
1527 1 9014
1525 1 5181
1542 2 8253
1516 1 2338
1514 1 9057
1535 1 5450
1526 2 8820
1546 2 2572
1527 2 5348
1537 2 7234
1537 2 1008
1521 1 9069
1534 2 6822
1530 1 2283
1532 1 949
1513 1 5940
1509 2 5084
1508 2 9107
1528 2 7242
1501 2 449
1531 2 8723
1534 1 4050
1538 2 104
1545 1 2560
1523 2 4112
1515 1 7192
1509 2 5077
1533 1 4884
1511 1 9134
1538 1 6574
1526 2 505
1530 2 57
1518 1 8562
1507 2 3076
1501 1 7433
1539 1 5036
1528 1 277
1537 1 7155
1505 2 1466
1507 1 6100
1535 2 6139
1549 1 7375
1535 1 6346
1549 1 6426
1514 1 552
1527 2 2823
1548 1 2037
1502 1 5993
1543 1 7805
1546 1 7875
1537 2 1959
1525 2 5324
1543 2 1493
1546 1 4637
1520 2 2585
1525 1 2688
1524 1 1448
1536 2 1953
1532 1 1093
1504 2 2842
1519 2 4539
1511 2 4197
1513 1 5967
1528 2 4486
1523 1 3576
1531 1 5603
1532 1 2645
1507 2 795
1523 1 694
1533 1 8715
1536 1 337
1524 1 1565
1523 2 6598
1508 1 1376
1520 2 4224
1509 1 4510
1518 2 5156
1502 1 1760
1536 2 6649
1509 1 2563
1542 1 9193
1520 1 1884
1531 2 7115
1500 2 7365
1505 1 1053
1501 2 583
1545 2 3594
1500 2 2179
1525 1 7578
1549 2 9053
1535 2 3343
1530 2 1602
1520 1 7388
1511 1 1645
1500 2 3944
1548 1 8675
1508 1 1328
1538 2 6532
1543 2 8257
1532 2 7781
1521 1 3599
1520 1 7931
1519 1 5203
1512 2 8872
1544 1 1600
1542 2 7003
1530 1 5854
1511 1 5060
1515 2 4534
1549 1 8336
1532 1 5626
1512 1 6472
1541 2 2385
1527 2 3381
1530 2 4720
1537 2 8874
1537 1 3852
1527 2 1131
1532 2 3926
1519 1 6801
1510 2 2060
1520 1 8280
1539 2 4967
1505 2 8674
1532 1 1578
1530 1 8313
1537 1 3752
1522 1 68
1514 1 4348
1510 1 1684
1535 2 2096
1526 1 1604
1522 1 2842
1527 1 4247
1525 2 2720
1546 2 1177
1501 2 6633
1547 1 420
1535 1 9111
1536 2 4758
1528 1 2082
1549 2 7085
1508 2 5532
1526 1 674
1546 2 5069
1527 2 7626
1537 2 4090
1500 2 2195
1527 2 8795
1538 1 1075
1521 2 192
1506 2 8900
1516 1 6053
1525 1 3822
1533 1 9050
1509 2 6295
1545 1 615
1532 1 4553
1513 1 6184
1510 1 8526
1510 1 5770
1506 1 2591
1546 1 6901
1519 1 1454
1534 1 5136
1530 1 6442
1543 2 2766
1540 2 8493
1500 1 1873
1519 2 3422
1505 2 2236
1529 2 697
1509 1 21
1543 2 6379
1533 2 4552
1509 2 1198
1542 1 274
1503 1 4206
1506 2 6019
1500 2 6520
1527 2 4274
1526 1 8634
1531 2 5582
1510 2 1846
1533 2 3301
1544 1 429
1535 2 7302
1536 1 79
1544 1 949
1546 1 3943
1516 2 5958
1526 1 2304
1548 2 3786
1524 1 1043
1545 1 804
1537 2 4015
1508 1 8671
1545 1 8904
1509 1 927
1523 2 3973
1543 1 3677
1518 2 5906
1527 1 3631
1500 2 7167
1527 1 5934
1515 2 6222
1526 2 4194
1527 1 4422
1533 2 482
1513 1 1338
1540 2 5222
1548 2 5825
1525 1 2462
1523 2 283
1532 2 2416
1507 2 4521
1511 2 2257
1539 1 703
1517 1 5263
1530 1 7079
1517 2 770
1548 2 4595
1548 2 4737
1530 2 2022
1533 1 1076
1541 1 51
1536 2 6082
1510 2 2195
1514 1 2399
1548 1 1937
1508 1 2180
1539 1 3495
1500 1 5491
1508 2 3382
1523 2 9034
1530 2 9171
1504 1 3871
1524 2 386
1527 2 353
1538 2 7029
1505 1 3883
1536 2 3366
1527 1 7395
1508 2 980
1541 1 6040
1539 2 6898
1544 1 9092
1545 2 4371
1522 1 4269
1522 2 4493
1547 1 7195
1506 1 4327
1517 2 8376
1503 1 7227
1529 1 6628
1536 2 8550
1520 2 578
1521 1 6961
1542 2 1024
1518 1 6254
1507 1 7324
1501 1 6619
1547 2 2421
1517 1 8487
1542 1 1166
1549 2 8562
1544 2 4795
1514 1 7113
1545 2 5138
1547 1 2606
1536 1 2907
1540 2 1211
1548 1 3613
1519 2 9115
1537 2 8431
1540 2 2497
1545 2 3808
1520 1 54
1505 2 8646
1501 2 3851
1538 1 8552
1538 2 5573
1515 1 3630
1524 1 7544
1548 2 2611
1521 2 713
1515 1 7935
1504 1 1680
1543 1 4665
1524 1 4326
1528 1 4028
1538 1 8384
1523 1 7345
1516 1 5193
1526 2 6319
1503 2 6243
1522 2 1444
1537 1 6132
1528 1 5283
1544 1 6762
1534 2 4201
1500 1 2314
1511 2 6572
1527 2 2844
1512 2 2200
1506 1 4296
1509 1 4070
1540 2 8086
1507 2 3500
1544 1 7008
1534 1 4314
1503 2 8727
1510 2 3342
1532 1 4254
1539 1 1132
1513 2 9230
1513 2 295
1548 2 7869
1540 1 8019
1548 1 4787
1526 2 6780
1527 1 8732
1520 2 1443
1548 2 1647
1516 1 1366
1540 2 6033
1502 1 376
1526 2 3400
1546 1 5539
1536 2 1152
1513 1 6799
1537 1 5826
1526 2 2974
1510 2 3699
1535 1 7089
1529 2 4428
1537 2 7788
1544 1 1467
1525 2 3320
1505 2 545
1533 1 6314
1525 2 8724
1535 2 2662
1514 1 2108
1526 2 9182
1516 2 4262
1523 2 8301
1503 2 860
1500 1 7986
1513 1 3993
1510 1 8390
1510 2 980
1535 2 931
1546 1 5737
1519 1 3302
1511 2 5541
1540 1 5492
1534 1 7094
1510 2 8200
1512 1 825
1531 2 6586
1538 1 814
1519 1 4369
1502 1 5582
1525 2 4291
1537 1 5895
1531 1 1220
1540 2 6369
1509 1 7897
1526 2 323
1510 1 7691
1528 2 8458
1539 1 3095
1504 2 3875
1513 1 3050
1546 2 3030
1523 2 6962
1502 1 8199
1521 2 2963
1538 2 4082
1512 1 6268
1528 2 3380
1527 2 4633
1540 2 5979
1543 2 2758
1508 2 8613
1527 1 4319
1539 1 2150
1549 1 8521
1542 2 3480
1504 1 2563
1526 1 666
1548 2 6961
1525 1 224
1548 1 2815
1517 2 2712
1518 1 7059
1512 2 2982
1517 1 7058
1540 2 6375
1514 1 1433
1532 2 151
1548 2 6999
1523 2 2533
1517 2 3868
1547 1 5172
1538 1 6682
1544 1 679
1505 2 2371
1520 1 2493
1537 2 3519
1530 2 4601
1503 1 6752
1504 1 4293
1547 2 858
1512 2 7231
1505 2 1369
1541 1 2357
1517 2 1975
1544 1 3882
1529 1 8643
1544 1 4279
1505 1 7073
1528 1 8998
1503 2 9191
1539 1 3260
1538 2 7117
1514 2 7885
1525 1 7729
1547 2 8948
1515 1 7075
1523 1 1691
1505 2 5062
1541 2 4117
1527 1 7245
1532 2 784
1534 2 3511
1549 1 8279
1512 1 3526
1504 2 5007
1508 1 4578
1514 2 416
1507 2 653
1541 1 5741
1526 1 1706
1519 1 6584
1504 1 2758
1508 2 7037
1537 2 4036
1541 2 5139
1525 2 4717
1538 2 2367
1534 2 3332
1502 2 8470
1515 2 3178
1515 1 3720
1531 2 7998
1544 1 9057
1527 2 4646
1535 2 4363
1515 2 5513
1519 1 3581
1529 2 5226
1501 2 2425
1538 2 6866
1513 2 7886
1536 2 3147
1505 2 1479
1511 1 8427
1538 2 7277
1523 1 4486
1503 1 8206
1536 1 793
1546 2 386
1502 1 60
1532 1 7191
1519 2 451
1505 1 9231
1505 1 1327
1538 1 5393
1513 2 21
1535 1 1956
1538 1 7975
1515 2 7557
1518 1 886
1528 1 5081
1541 2 602
1531 2 710
1503 2 9223
1518 2 7512
1517 1 8593
1525 2 2815
1528 1 2633
1541 1 5361
1527 1 7357
1536 1 614
1516 1 5343
1513 1 4668
1543 1 398
1517 2 5642
1536 1 2667
1524 1 993
1508 1 4276
1521 1 2776
1543 2 8553
1528 1 1945
1543 2 2688
1535 1 3193
1535 1 4491
1504 1 6316
1500 1 6134
1548 1 571
1535 1 934
1521 2 5772
1543 1 8360
1523 1 8484
1517 2 2810
1516 2 8253
1515 1 8661
1537 2 5888
1521 2 1666
1508 1 7711
1546 2 6332
1533 1 9161
1515 2 6669
1525 1 8214
1549 2 4871
1508 1 3050
1525 2 3429
1517 1 3550
1501 2 3976
1547 2 5309
1543 2 8823
1539 2 3005
1503 1 8746
1521 1 4440
1534 2 6856
1540 2 4535
1548 1 2229
1525 1 2674
1528 2 6962
1513 2 6925
1528 1 3837
1534 2 7421
1508 2 4813
1526 1 2607
1544 2 1767
1538 1 5708
1535 1 3108
1513 2 7882
1512 1 5335
1515 1 7110
1542 1 7354
1540 2 7920
1502 1 6869
1501 1 7226
1514 2 6728
1516 1 2906
1514 1 2030
1511 1 2079
1537 1 7990
1522 2 8568
1548 1 4567
1509 2 7274
1524 2 9206
1525 2 7240
1531 2 7710
1513 1 9010
1543 1 3131
1508 1 6828
1507 1 1371
1500 2 3034
1533 2 1870
1544 1 5140
1541 2 3597
1524 2 9206
1501 1 4792
1546 2 8894
1510 2 1232
1541 2 967
1526 2 125
1530 2 2948
1517 2 9024
1508 1 1059
1515 2 793
1511 2 7987
1519 1 2070
1542 1 2062
1544 1 9061
1509 2 1685
1541 2 3504
1507 1 7653
1520 1 7824
1539 2 533
1522 2 8019
1513 2 3727
1527 1 7929
1514 1 280
1526 1 7734
1542 2 311
1525 2 4804
1512 1 8266
1538 2 8252
1536 2 6880
1506 1 5881
1540 2 810
1545 2 2023
1546 1 2303
1534 2 8609
1509 2 1975
1546 1 3520
1542 2 745
1544 1 5473
1529 2 798
1516 2 6230
1528 2 3456
1532 1 8041
1531 2 6024
1503 2 4818
1537 1 5054
1546 2 7980
1534 2 3839
1502 2 1004
1508 2 3750
1546 2 6329
1530 1 5984
1526 1 9047
1505 2 4776
1544 1 2160
1516 1 3612
1544 2 8024
1538 1 7641
1534 1 4858
1533 2 8391
1513 1 5344
1531 2 5536
1518 2 7231
1533 2 1436
1510 1 2917
1546 1 2586
1545 1 5060
1510 2 7675
1506 1 8402
1504 1 5910
1543 2 7950
1540 2 7362
1548 1 1777
1536 2 1033
1509 1 7941
1532 2 2903
1506 2 2638
1510 2 3800
1518 1 807
1518 1 9218
1533 2 376
1544 1 322
1519 2 5009
1524 1 5735
1546 1 8447
1532 2 7819
1541 2 8718
1509 2 2076
1537 1 699
1514 2 5024
1506 1 6846
1512 2 1591
1518 2 6555
1529 2 585
1537 1 4110
1533 2 7740
1538 1 3042
1520 1 1532
1504 1 5913
1529 2 3338
1509 2 2378
1521 1 4470
1541 1 1000
1507 2 6611
1516 1 5851
1514 2 989
1520 1 8639
1506 1 5974
1534 2 510
1542 2 4939
1501 1 5076
1524 1 2510
1506 2 521
1509 2 4007
1525 1 6954
1500 2 3511
1503 1 7012
1519 2 9080
1542 2 2416
1539 2 4915
1542 2 3444
1530 1 2104
1513 2 8086
1547 2 5014
1507 2 7625
1524 1 2849
1535 1 9000
1536 2 7876
1517 1 6506
1546 1 6804
1548 1 9202
1511 2 1366
1543 2 4565
1523 2 7401
1528 2 1136
1542 2 2579
1538 1 8830
1537 2 161
1500 1 7762
1517 2 947
1539 2 7440
1546 2 4693
1513 2 4686
1514 1 2195
1540 1 2079
1515 1 6996
1549 1 1424
1502 2 7991
1535 1 8696
1548 2 2235
1531 1 638
1520 1 1872
1513 1 3321
1531 2 1797
1541 2 2431
1532 2 5396
1516 2 111
1513 1 8857
1547 1 5799
1521 1 2412
1535 1 372
1534 2 4668
1532 1 8065
1516 2 740
1509 1 6674
1522 2 6895
1522 1 6546
1507 2 3484
1521 1 2424
1502 1 3857
1502 2 3346
1543 1 5279
1541 1 5748
1532 2 9139
1527 2 1142
1533 1 6537
1504 2 5999
1524 2 5975
1515 2 9115
1527 1 4581
1527 1 1025
1512 2 6014
1532 1 9071
1544 1 6371
1505 2 5618
1547 2 172
1545 1 1801
1547 1 9214
1549 2 2565
1542 1 2743
1529 1 1064
1514 1 8240
1526 2 8404
1534 2 1764
1540 1 5183
1526 2 5800
1515 1 3265
1530 1 8874
1527 2 1437
1531 2 92
1518 2 695
1505 1 4883
1514 1 2818
1512 1 4837
1528 1 257
1514 1 6129
1545 2 7948
1526 2 5995
1520 1 2811
1548 2 7427
1508 2 657
1503 1 6706
1501 1 7145
1508 2 8885
1543 2 4422
1524 2 3101
1502 2 5765
1522 2 3149
1509 2 3209
1504 1 3768
1528 1 1182
1504 1 3542
1516 2 7433
1530 1 6736
1514 2 7557
1520 1 8912
1528 1 8699
1500 2 1951
1512 2 4525
1541 1 5530
1515 1 6351
1543 2 774
1547 2 3721
1525 2 4517
1507 2 8862
1538 2 2475
1520 1 6206
1502 1 1740
1536 2 8134
1523 2 8939
1524 1 6732
1517 2 2982
1500 1 5984
1541 2 3237
1510 1 8658
1514 2 2172
1524 2 6365
1540 2 5335
1528 2 3842
1537 2 3229
1538 1 6021
1547 2 4927
1520 1 5994
1547 2 8500
1530 2 435
1547 1 1217
1533 1 6992
1524 1 4167
1548 2 2667
1518 1 1033
1537 2 2011
1535 2 3501
1504 2 6210
1537 1 8542
1547 1 7650
1538 2 158
1516 2 883
1531 1 2537
1519 1 8205
1509 2 2302
1522 1 4788
1501 1 5112
1538 1 5134
1507 2 4332
1509 2 934
1521 2 7602
1506 1 6203
1540 2 6957
1523 1 4159
1537 1 3121
1516 2 5541
1502 1 2558
1504 1 7558
1538 2 8357
1500 1 3349
1547 1 5216
1506 2 4234
1543 2 616
1521 1 2451
1538 2 3560
1505 1 2727
1525 2 8512
1544 1 8913
1525 2 3501
1516 1 3542
1543 2 4053
1539 1 7814
1523 1 1911
1547 2 4939
1537 2 4717
1549 2 7916
1548 1 4654
1508 1 1463
1505 2 3040
1548 1 7025
1516 1 7853
1507 1 1149
1504 2 1174
1545 1 4760
1518 2 5172
1532 1 5947
1543 1 340
1506 2 5580
1530 2 2004
1525 2 6727
1507 2 9008
1500 1 2717
1534 2 4206
1500 2 4622
1514 1 3199
1517 1 9019
1544 1 3311
1536 2 7225
1517 1 8669
1538 1 8421
1503 1 2930
1537 2 4752
1523 1 5787
1541 2 361
1512 1 2994
1535 2 5082
1534 2 3405
1544 2 5111
1529 2 832
1528 1 3694
1515 1 2419
1508 2 3092
1538 2 837
1530 1 4819
1537 2 5746
1548 1 4098
1509 2 8815
1517 1 4151
1536 2 1027
1535 2 721
1515 1 3305
1505 2 130
1548 2 5144
1528 2 400
1538 2 7207
1515 1 7849
1539 2 4784
1521 1 7990
1534 2 975
1543 1 5111
1522 2 1198
1521 2 3617
1500 1 8580
1539 1 4868
1520 2 8540
1542 2 3845
1548 2 3966
1501 1 8739
1518 2 6509
1523 1 4920
1515 2 1813
1519 1 6355
1544 1 6721
1537 1 3211
1517 1 8552
1532 2 6104
1546 1 6724
1533 1 981
1524 2 9056
1534 1 1860
1512 2 3598
1537 1 9212
1520 2 7737
1516 1 1274
1509 1 5699
1534 1 5560
1534 1 1511
1519 1 8383
1544 2 7821
1522 2 4341
1539 2 6505
1532 2 3815
1535 1 3710
1512 2 1220
1528 2 6565
1540 2 1211
1549 1 5521
1545 1 4614
1525 1 6410
1515 2 3840
1535 2 9134
1544 2 7831
1501 1 4127
1521 2 1868
1501 2 1196
1540 2 3277
1501 2 4867
1517 2 6508
1528 1 7733
1521 1 8601
1509 2 3601
1503 2 1755
1517 1 7904
1536 2 4131
1523 1 7800
1545 1 7325
1531 1 5623
1508 2 8729
1504 2 3863
1501 1 2366
1544 2 8690
1540 2 7236
1522 1 7907
1505 2 1525
1518 2 5947
1501 1 1155
1531 2 8731
1544 1 339
1504 2 6536
1536 1 3616
1540 2 7882
1516 1 8074
1513 1 1023
1508 1 499
1533 2 991
1503 2 2867
1534 2 3762
1503 2 8984
1534 1 4482
1520 1 5091
1530 2 4131
1532 1 908
1542 2 7304
1512 2 1874
1529 1 8742
1534 1 3726
1537 1 5079
1526 1 6366
1545 2 7364
1500 2 6671
1509 1 9055
1549 1 8358
1549 2 4787
1545 1 4046
1525 1 7075
1549 2 5109
1534 1 2859
1507 1 8398
1539 1 7578
1523 2 1312
1547 1 5818
1536 2 5675
1539 2 4602
1521 1 439
1530 2 8868
1503 1 2039
1538 1 2201
1517 1 3052
1520 2 4007
1530 2 911
1528 1 50
1547 1 4227
1510 2 3419
1504 1 4669
1537 2 3117
1545 1 8774
1544 1 5244
1500 2 8943
1506 1 5186
1532 1 2663
1531 1 2404
1518 1 8548
1543 1 6834
1548 2 5357
1523 1 1168
1525 1 8679
1512 2 5283
1519 2 8263
1529 1 6848
1517 2 4244
1514 1 3512
1545 2 6658
1540 2 2347
1516 2 1323
1533 1 7702
1536 1 6685
1514 1 3937
1531 2 2269
1547 1 258
1518 2 4233
1504 2 5965
1543 2 3380
1545 1 7293
1501 2 6291
1515 1 5757
1540 2 1896
1537 2 2172
1508 1 8246
1522 1 4605
1506 1 924
1511 1 1492
1531 2 7113
1515 2 3299
1530 2 5609
1504 2 1382
1520 1 9004
1527 1 5029
1532 1 7944
1529 2 4270
1517 2 4279
1545 1 8527
1517 2 7964
1500 2 8379
1500 2 275
1545 1 8525
1512 2 592
1516 1 5343
1513 1 6525
1547 1 678
1548 2 2851
1520 2 1800
1511 1 4447
1534 1 4740
1542 1 6770
1547 1 8449
1536 2 4571
1541 1 4916
1544 1 7828
1503 2 5743
