3000 3000
1 2 56
2 2 13
3 2 17
4 2 63
5 2 81
6 2 86
7 2 36
8 2 40
9 2 3
10 2 73
11 2 93
12 2 90
13 2 39
14 2 45
15 2 20
16 2 23
17 2 67
18 2 5
19 2 56
20 2 75
21 2 16
22 2 30
23 2 29
24 2 100
25 2 73
26 2 41
27 2 74
28 2 76
29 2 6
30 2 51
31 2 24
32 2 63
33 2 91
34 2 63
35 2 1
36 2 34
37 2 50
38 2 11
39 2 10
40 2 73
41 2 96
42 2 67
43 2 49
44 2 65
45 2 17
46 2 32
47 2 92
48 2 55
49 2 7
50 2 14
51 2 60
52 2 11
53 2 3
54 2 43
55 2 51
56 2 74
57 2 5
58 2 90
59 2 10
60 2 9
61 2 39
62 2 85
63 2 8
64 2 15
65 2 61
66 2 51
67 2 13
68 2 19
69 2 68
70 2 14
71 2 64
72 2 88
73 2 70
74 2 71
75 2 17
76 2 43
77 2 39
78 2 53
79 2 92
80 2 72
81 2 40
82 2 70
83 2 48
84 2 2
85 2 87
86 2 25
87 2 53
88 2 50
89 2 64
90 2 9
91 2 43
92 2 4
93 2 63
94 2 89
95 2 4
96 2 98
97 2 48
98 2 98
99 2 98
100 2 99
101 2 29
102 2 32
103 2 50
104 2 49
105 2 68
106 2 41
107 2 2
108 2 55
109 2 46
110 2 68
111 2 52
112 2 56
113 2 65
114 2 63
115 2 37
116 2 46
117 2 51
118 2 70
119 2 19
120 2 77
121 2 64
122 2 78
123 2 36
124 2 9
125 2 20
126 2 71
127 2 52
128 2 51
129 2 3
130 2 34
131 2 35
132 2 9
133 2 7
134 2 48
135 2 28
136 2 53
137 2 46
138 2 13
139 2 11
140 2 74
141 2 37
142 2 58
143 2 64
144 2 22
145 2 62
146 2 11
147 2 14
148 2 9
149 2 47
150 2 18
151 2 98
152 2 17
153 2 56
154 2 62
155 2 1
156 2 21
157 2 78
158 2 76
159 2 69
160 2 46
161 2 70
162 2 38
163 2 20
164 2 13
165 2 54
166 2 67
167 2 75
168 2 54
169 2 60
170 2 12
171 2 40
172 2 34
173 2 25
174 2 22
175 2 41
176 2 87
177 2 11
178 2 53
179 2 51
180 2 34
181 2 31
182 2 31
183 2 52
184 2 96
185 2 29
186 2 83
187 2 10
188 2 62
189 2 55
190 2 43
191 2 22
192 2 36
193 2 62
194 2 51
195 2 77
196 2 87
197 2 56
198 2 15
199 2 14
200 2 2
201 2 35
202 2 53
203 2 42
204 2 17
205 2 12
206 2 36
207 2 62
208 2 49
209 2 37
210 2 30
211 2 37
212 2 34
213 2 32
214 2 99
215 2 83
216 2 53
217 2 77
218 2 59
219 2 31
220 2 14
221 2 9
222 2 96
223 2 31
224 2 15
225 2 85
226 2 18
227 2 63
228 2 47
229 2 95
230 2 98
231 2 53
232 2 89
233 2 45
234 2 88
235 2 7
236 2 38
237 2 76
238 2 96
239 2 83
240 2 62
241 2 63
242 2 8
243 2 11
244 2 28
245 2 1
246 2 85
247 2 99
248 2 61
249 2 78
250 2 86
251 2 13
252 2 53
253 2 67
254 2 20
255 2 96
256 2 25
257 2 45
258 2 48
259 2 72
260 2 46
261 2 14
262 2 23
263 2 28
264 2 37
265 2 84
266 2 65
267 2 1
268 2 45
269 2 72
270 2 19
271 2 9
272 2 9
273 2 81
274 2 53
275 2 37
276 2 47
277 2 50
278 2 25
279 2 26
280 2 26
281 2 88
282 2 54
283 2 51
284 2 69
285 2 53
286 2 22
287 2 94
288 2 38
289 2 45
290 2 84
291 2 67
292 2 47
293 2 45
294 2 46
295 2 40
296 2 60
297 2 84
298 2 5
299 2 39
300 2 7
301 2 84
302 2 64
303 2 38
304 2 99
305 2 3
306 2 24
307 2 99
308 2 74
309 2 59
310 2 51
311 2 2
312 2 74
313 2 65
314 2 9
315 2 26
316 2 96
317 2 19
318 2 26
319 2 11
320 2 80
321 2 2
322 2 34
323 2 73
324 2 35
325 2 89
326 2 12
327 2 24
328 2 9
329 2 71
330 2 86
331 2 66
332 2 19
333 2 9
334 2 51
335 2 40
336 2 62
337 2 34
338 2 34
339 2 9
340 2 54
341 2 89
342 2 76
343 2 98
344 2 13
345 2 59
346 2 46
347 2 4
348 2 77
349 2 34
350 2 16
351 2 89
352 2 21
353 2 87
354 2 35
355 2 64
356 2 76
357 2 92
358 2 72
359 2 52
360 2 93
361 2 95
362 2 6
363 2 93
364 2 57
365 2 6
366 2 40
367 2 27
368 2 12
369 2 61
370 2 93
371 2 60
372 2 73
373 2 7
374 2 55
375 2 78
376 2 97
377 2 61
378 2 69
379 2 95
380 2 92
381 2 49
382 2 24
383 2 24
384 2 72
385 2 92
386 2 70
387 2 86
388 2 48
389 2 85
390 2 62
391 2 76
392 2 14
393 2 27
394 2 5
395 2 87
396 2 61
397 2 19
398 2 76
399 2 61
400 2 32
401 2 32
402 2 7
403 2 19
404 2 34
405 2 81
406 2 24
407 2 43
408 2 48
409 2 51
410 2 74
411 2 42
412 2 29
413 2 28
414 2 95
415 2 14
416 2 53
417 2 37
418 2 75
419 2 94
420 2 78
421 2 81
422 2 94
423 2 57
424 2 90
425 2 47
426 2 61
427 2 87
428 2 32
429 2 52
430 2 82
431 2 12
432 2 3
433 2 71
434 2 51
435 2 78
436 2 41
437 2 7
438 2 99
439 2 39
440 2 61
441 2 89
442 2 70
443 2 41
444 2 81
445 2 83
446 2 56
447 2 13
448 2 81
449 2 34
450 2 98
451 2 1
452 2 30
453 2 53
454 2 60
455 2 78
456 2 64
457 2 64
458 2 32
459 2 42
460 2 65
461 2 94
462 2 54
463 2 35
464 2 27
465 2 83
466 2 6
467 2 6
468 2 90
469 2 86
470 2 45
471 2 93
472 2 72
473 2 56
474 2 80
475 2 5
476 2 31
477 2 91
478 2 87
479 2 56
480 2 10
481 2 100
482 2 79
483 2 53
484 2 69
485 2 98
486 2 93
487 2 79
488 2 28
489 2 89
490 2 5
491 2 14
492 2 4
493 2 12
494 2 100
495 2 50
496 2 98
497 2 99
498 2 6
499 2 29
500 2 38
501 2 85
502 2 37
503 2 34
504 2 85
505 2 15
506 2 76
507 2 73
508 2 7
509 2 91
510 2 93
511 2 28
512 2 10
513 2 74
514 2 23
515 2 96
516 2 77
517 2 27
518 2 84
519 2 21
520 2 79
521 2 62
522 2 69
523 2 14
524 2 81
525 2 18
526 2 93
527 2 1
528 2 23
529 2 11
530 2 1
531 2 13
532 2 72
533 2 8
534 2 91
535 2 11
536 2 45
537 2 50
538 2 67
539 2 21
540 2 42
541 2 55
542 2 44
543 2 95
544 2 57
545 2 4
546 2 85
547 2 17
548 2 96
549 2 84
550 2 46
551 2 22
552 2 56
553 2 19
554 2 58
555 2 74
556 2 1
557 2 28
558 2 72
559 2 93
560 2 3
561 2 11
562 2 99
563 2 54
564 2 48
565 2 16
566 2 4
567 2 49
568 2 83
569 2 5
570 2 39
571 2 73
572 2 2
573 2 64
574 2 34
575 2 11
576 2 53
577 2 95
578 2 61
579 2 17
580 2 38
581 2 86
582 2 21
583 2 40
584 2 23
585 2 13
586 2 94
587 2 10
588 2 31
589 2 95
590 2 1
591 2 73
592 2 52
593 2 36
594 2 78
595 2 58
596 2 26
597 2 39
598 2 30
599 2 19
600 2 99
601 2 13
602 2 34
603 2 14
604 2 65
605 2 76
606 2 51
607 2 3
608 2 12
609 2 33
610 2 68
611 2 25
612 2 97
613 2 92
614 2 55
615 2 18
616 2 44
617 2 26
618 2 36
619 2 43
620 2 79
621 2 21
622 2 36
623 2 17
624 2 84
625 2 60
626 2 68
627 2 47
628 2 59
629 2 51
630 2 67
631 2 89
632 2 49
633 2 49
634 2 83
635 2 18
636 2 67
637 2 85
638 2 93
639 2 47
640 2 1
641 2 72
642 2 33
643 2 46
644 2 19
645 2 6
646 2 59
647 2 5
648 2 16
649 2 12
650 2 32
651 2 40
652 2 9
653 2 32
654 2 90
655 2 30
656 2 22
657 2 38
658 2 19
659 2 16
660 2 50
661 2 11
662 2 74
663 2 88
664 2 78
665 2 85
666 2 27
667 2 11
668 2 14
669 2 63
670 2 34
671 2 44
672 2 40
673 2 68
674 2 20
675 2 67
676 2 35
677 2 56
678 2 89
679 2 27
680 2 45
681 2 31
682 2 67
683 2 25
684 2 54
685 2 28
686 2 22
687 2 66
688 2 27
689 2 51
690 2 6
691 2 41
692 2 55
693 2 88
694 2 96
695 2 35
696 2 5
697 2 89
698 2 97
699 2 85
700 2 24
701 2 80
702 2 9
703 2 5
704 2 6
705 2 87
706 2 97
707 2 29
708 2 89
709 2 50
710 2 74
711 2 62
712 2 53
713 2 65
714 2 16
715 2 66
716 2 89
717 2 63
718 2 16
719 2 19
720 2 53
721 2 8
722 2 58
723 2 83
724 2 50
725 2 48
726 2 15
727 2 18
728 2 10
729 2 26
730 2 81
731 2 30
732 2 84
733 2 6
734 2 58
735 2 58
736 2 45
737 2 3
738 2 64
739 2 14
740 2 62
741 2 5
742 2 49
743 2 65
744 2 40
745 2 68
746 2 3
747 2 8
748 2 54
749 2 99
750 2 68
751 2 21
752 2 78
753 2 86
754 2 13
755 2 96
756 2 72
757 2 29
758 2 97
759 2 1
760 2 38
761 2 79
762 2 71
763 2 56
764 2 50
765 2 24
766 2 45
767 2 83
768 2 31
769 2 87
770 2 6
771 2 4
772 2 81
773 2 4
774 2 78
775 2 33
776 2 40
777 2 87
778 2 80
779 2 62
780 2 45
781 2 55
782 2 39
783 2 54
784 2 89
785 2 24
786 2 5
787 2 22
788 2 4
789 2 90
790 2 73
791 2 100
792 2 43
793 2 72
794 2 39
795 2 38
796 2 86
797 2 46
798 2 83
799 2 45
800 2 96
801 2 31
802 2 90
803 2 50
804 2 10
805 2 35
806 2 9
807 2 96
808 2 79
809 2 22
810 2 96
811 2 20
812 2 67
813 2 16
814 2 91
815 2 28
816 2 75
817 2 75
818 2 69
819 2 13
820 2 82
821 2 68
822 2 80
823 2 32
824 2 3
825 2 58
826 2 10
827 2 84
828 2 21
829 2 60
830 2 43
831 2 11
832 2 86
833 2 32
834 2 13
835 2 37
836 2 77
837 2 47
838 2 2
839 2 48
840 2 4
841 2 62
842 2 94
843 2 39
844 2 54
845 2 96
846 2 43
847 2 90
848 2 26
849 2 21
850 2 50
851 2 87
852 2 34
853 2 29
854 2 73
855 2 52
856 2 38
857 2 87
858 2 71
859 2 95
860 2 26
861 2 55
862 2 61
863 2 97
864 2 71
865 2 72
866 2 53
867 2 31
868 2 2
869 2 15
870 2 18
871 2 48
872 2 71
873 2 42
874 2 6
875 2 5
876 2 76
877 2 61
878 2 56
879 2 8
880 2 64
881 2 8
882 2 18
883 2 18
884 2 53
885 2 43
886 2 47
887 2 85
888 2 94
889 2 73
890 2 30
891 2 78
892 2 9
893 2 78
894 2 42
895 2 51
896 2 62
897 2 9
898 2 8
899 2 22
900 2 34
901 2 3
902 2 52
903 2 5
904 2 9
905 2 62
906 2 76
907 2 68
908 2 65
909 2 42
910 2 36
911 2 66
912 2 44
913 2 95
914 2 96
915 2 17
916 2 66
917 2 37
918 2 69
919 2 69
920 2 81
921 2 63
922 2 43
923 2 77
924 2 99
925 2 25
926 2 97
927 2 38
928 2 67
929 2 6
930 2 77
931 2 53
932 2 8
933 2 7
934 2 77
935 2 77
936 2 17
937 2 10
938 2 53
939 2 3
940 2 67
941 2 51
942 2 65
943 2 93
944 2 71
945 2 91
946 2 40
947 2 88
948 2 45
949 2 72
950 2 32
951 2 30
952 2 90
953 2 74
954 2 59
955 2 88
956 2 75
957 2 69
958 2 14
959 2 1
960 2 63
961 2 88
962 2 80
963 2 45
964 2 5
965 2 63
966 2 95
967 2 74
968 2 99
969 2 34
970 2 19
971 2 79
972 2 52
973 2 13
974 2 33
975 2 60
976 2 15
977 2 82
978 2 74
979 2 44
980 2 27
981 2 86
982 2 10
983 2 15
984 2 29
985 2 60
986 2 69
987 2 92
988 2 25
989 2 96
990 2 89
991 2 92
992 2 32
993 2 94
994 2 74
995 2 76
996 2 11
997 2 68
998 2 76
999 2 63
1000 2 55
1001 2 99
1002 2 4
1003 2 99
1004 2 83
1005 2 7
1006 2 96
1007 2 79
1008 2 14
1009 2 74
1010 2 59
1011 2 87
1012 2 62
1013 2 57
1014 2 90
1015 2 48
1016 2 78
1017 2 43
1018 2 41
1019 2 91
1020 2 33
1021 2 80
1022 2 74
1023 2 15
1024 2 88
1025 2 96
1026 2 21
1027 2 92
1028 2 56
1029 2 93
1030 2 19
1031 2 45
1032 2 70
1033 2 8
1034 2 4
1035 2 82
1036 2 57
1037 2 29
1038 2 8
1039 2 87
1040 2 83
1041 2 10
1042 2 98
1043 2 95
1044 2 88
1045 2 40
1046 2 60
1047 2 78
1048 2 66
1049 2 10
1050 2 48
1051 2 100
1052 2 23
1053 2 84
1054 2 42
1055 2 51
1056 2 35
1057 2 86
1058 2 11
1059 2 12
1060 2 59
1061 2 74
1062 2 44
1063 2 78
1064 2 63
1065 2 26
1066 2 85
1067 2 79
1068 2 52
1069 2 79
1070 2 19
1071 2 70
1072 2 15
1073 2 7
1074 2 27
1075 2 19
1076 2 96
1077 2 28
1078 2 68
1079 2 95
1080 2 32
1081 2 54
1082 2 56
1083 2 72
1084 2 16
1085 2 97
1086 2 12
1087 2 14
1088 2 71
1089 2 68
1090 2 40
1091 2 5
1092 2 92
1093 2 100
1094 2 20
1095 2 88
1096 2 78
1097 2 43
1098 2 93
1099 2 51
1100 2 38
1101 2 38
1102 2 24
1103 2 34
1104 2 68
1105 2 39
1106 2 26
1107 2 92
1108 2 95
1109 2 75
1110 2 35
1111 2 5
1112 2 92
1113 2 89
1114 2 91
1115 2 92
1116 2 63
1117 2 14
1118 2 36
1119 2 38
1120 2 54
1121 2 63
1122 2 34
1123 2 69
1124 2 20
1125 2 6
1126 2 2
1127 2 11
1128 2 63
1129 2 37
1130 2 51
1131 2 84
1132 2 10
1133 2 92
1134 2 8
1135 2 91
1136 2 68
1137 2 16
1138 2 48
1139 2 85
1140 2 19
1141 2 23
1142 2 32
1143 2 8
1144 2 18
1145 2 65
1146 2 25
1147 2 69
1148 2 44
1149 2 38
1150 2 7
1151 2 99
1152 2 31
1153 2 70
1154 2 75
1155 2 2
1156 2 49
1157 2 32
1158 2 98
1159 2 85
1160 2 74
1161 2 35
1162 2 36
1163 2 5
1164 2 13
1165 2 60
1166 2 89
1167 2 99
1168 2 58
1169 2 65
1170 2 56
1171 2 54
1172 2 10
1173 2 15
1174 2 7
1175 2 66
1176 2 83
1177 2 74
1178 2 92
1179 2 38
1180 2 24
1181 2 72
1182 2 8
1183 2 47
1184 2 34
1185 2 9
1186 2 10
1187 2 95
1188 2 66
1189 2 82
1190 2 88
1191 2 16
1192 2 52
1193 2 85
1194 2 2
1195 2 30
1196 2 49
1197 2 35
1198 2 25
1199 2 100
1200 2 23
1201 2 50
1202 2 90
1203 2 67
1204 2 99
1205 2 24
1206 2 28
1207 2 33
1208 2 78
1209 2 6
1210 2 70
1211 2 72
1212 2 73
1213 2 57
1214 2 58
1215 2 20
1216 2 32
1217 2 61
1218 2 35
1219 2 1
1220 2 20
1221 2 64
1222 2 68
1223 2 14
1224 2 48
1225 2 8
1226 2 63
1227 2 83
1228 2 48
1229 2 82
1230 2 39
1231 2 13
1232 2 49
1233 2 24
1234 2 34
1235 2 52
1236 2 43
1237 2 80
1238 2 72
1239 2 28
1240 2 67
1241 2 11
1242 2 2
1243 2 37
1244 2 89
1245 2 27
1246 2 56
1247 2 1
1248 2 91
1249 2 64
1250 2 75
1251 2 78
1252 2 100
1253 2 71
1254 2 87
1255 2 22
1256 2 7
1257 2 99
1258 2 98
1259 2 29
1260 2 9
1261 2 18
1262 2 88
1263 2 66
1264 2 26
1265 2 26
1266 2 61
1267 2 10
1268 2 64
1269 2 37
1270 2 14
1271 2 27
1272 2 23
1273 2 80
1274 2 76
1275 2 43
1276 2 19
1277 2 77
1278 2 15
1279 2 3
1280 2 49
1281 2 100
1282 2 32
1283 2 24
1284 2 11
1285 2 18
1286 2 92
1287 2 33
1288 2 63
1289 2 70
1290 2 79
1291 2 39
1292 2 48
1293 2 62
1294 2 14
1295 2 87
1296 2 29
1297 2 44
1298 2 6
1299 2 32
1300 2 12
1301 2 14
1302 2 62
1303 2 19
1304 2 60
1305 2 29
1306 2 24
1307 2 9
1308 2 52
1309 2 87
1310 2 93
1311 2 56
1312 2 18
1313 2 53
1314 2 80
1315 2 26
1316 2 4
1317 2 57
1318 2 36
1319 2 53
1320 2 66
1321 2 21
1322 2 35
1323 2 57
1324 2 66
1325 2 19
1326 2 23
1327 2 57
1328 2 91
1329 2 50
1330 2 25
1331 2 30
1332 2 82
1333 2 64
1334 2 21
1335 2 63
1336 2 4
1337 2 14
1338 2 3
1339 2 55
1340 2 67
1341 2 53
1342 2 73
1343 2 42
1344 2 72
1345 2 93
1346 2 91
1347 2 85
1348 2 11
1349 2 5
1350 2 9
1351 2 77
1352 2 19
1353 2 56
1354 2 53
1355 2 91
1356 2 26
1357 2 7
1358 2 58
1359 2 19
1360 2 18
1361 2 53
1362 2 82
1363 2 53
1364 2 23
1365 2 17
1366 2 69
1367 2 3
1368 2 30
1369 2 76
1370 2 28
1371 2 70
1372 2 28
1373 2 64
1374 2 55
1375 2 40
1376 2 61
1377 2 70
1378 2 11
1379 2 79
1380 2 97
1381 2 1
1382 2 97
1383 2 13
1384 2 98
1385 2 40
1386 2 29
1387 2 38
1388 2 96
1389 2 80
1390 2 8
1391 2 97
1392 2 80
1393 2 4
1394 2 98
1395 2 4
1396 2 26
1397 2 15
1398 2 52
1399 2 83
1400 2 11
1401 2 94
1402 2 19
1403 2 73
1404 2 47
1405 2 19
1406 2 80
1407 2 34
1408 2 32
1409 2 99
1410 2 46
1411 2 74
1412 2 17
1413 2 37
1414 2 39
1415 2 5
1416 2 24
1417 2 52
1418 2 67
1419 2 73
1420 2 12
1421 2 9
1422 2 39
1423 2 40
1424 2 28
1425 2 55
1426 2 100
1427 2 83
1428 2 86
1429 2 33
1430 2 21
1431 2 7
1432 2 82
1433 2 28
1434 2 13
1435 2 52
1436 2 48
1437 2 2
1438 2 14
1439 2 53
1440 2 57
1441 2 12
1442 2 19
1443 2 93
1444 2 7
1445 2 29
1446 2 79
1447 2 98
1448 2 36
1449 2 48
1450 2 100
1451 2 40
1452 2 79
1453 2 34
1454 2 89
1455 2 90
1456 2 71
1457 2 2
1458 2 16
1459 2 58
1460 2 86
1461 2 12
1462 2 9
1463 2 12
1464 2 83
1465 2 98
1466 2 76
1467 2 47
1468 2 88
1469 2 82
1470 2 91
1471 2 76
1472 2 13
1473 2 6
1474 2 94
1475 2 9
1476 2 51
1477 2 21
1478 2 98
1479 2 51
1480 2 62
1481 2 53
1482 2 95
1483 2 44
1484 2 40
1485 2 32
1486 2 89
1487 2 97
1488 2 63
1489 2 34
1490 2 58
1491 2 45
1492 2 75
1493 2 6
1494 2 58
1495 2 57
1496 2 54
1497 2 17
1498 2 22
1499 2 51
1500 2 34
1501 2 89
1502 2 39
1503 2 87
1504 2 70
1505 2 55
1506 2 76
1507 2 16
1508 2 22
1509 2 70
1510 2 91
1511 2 40
1512 2 38
1513 2 18
1514 2 40
1515 2 15
1516 2 91
1517 2 14
1518 2 64
1519 2 49
1520 2 94
1521 2 54
1522 2 39
1523 2 81
1524 2 99
1525 2 33
1526 2 46
1527 2 54
1528 2 19
1529 2 80
1530 2 71
1531 2 54
1532 2 62
1533 2 89
1534 2 100
1535 2 98
1536 2 38
1537 2 33
1538 2 44
1539 2 8
1540 2 70
1541 2 83
1542 2 14
1543 2 97
1544 2 57
1545 2 59
1546 2 23
1547 2 11
1548 2 4
1549 2 40
1550 2 24
1551 2 84
1552 2 3
1553 2 94
1554 2 46
1555 2 9
1556 2 25
1557 2 12
1558 2 13
1559 2 32
1560 2 55
1561 2 7
1562 2 61
1563 2 18
1564 2 41
1565 2 69
1566 2 96
1567 2 10
1568 2 21
1569 2 11
1570 2 78
1571 2 24
1572 2 21
1573 2 84
1574 2 23
1575 2 35
1576 2 86
1577 2 8
1578 2 69
1579 2 79
1580 2 76
1581 2 34
1582 2 39
1583 2 64
1584 2 59
1585 2 50
1586 2 19
1587 2 13
1588 2 37
1589 2 88
1590 2 53
1591 2 58
1592 2 53
1593 2 42
1594 2 2
1595 2 47
1596 2 61
1597 2 6
1598 2 34
1599 2 74
1600 2 25
1601 2 50
1602 2 54
1603 2 81
1604 2 19
1605 2 30
1606 2 46
1607 2 33
1608 2 53
1609 2 78
1610 2 44
1611 2 52
1612 2 74
1613 2 93
1614 2 40
1615 2 32
1616 2 68
1617 2 7
1618 2 10
1619 2 2
1620 2 71
1621 2 75
1622 2 32
1623 2 12
1624 2 77
1625 2 26
1626 2 5
1627 2 75
1628 2 84
1629 2 87
1630 2 38
1631 2 58
1632 2 60
1633 2 61
1634 2 40
1635 2 57
1636 2 74
1637 2 20
1638 2 4
1639 2 79
1640 2 66
1641 2 79
1642 2 14
1643 2 77
1644 2 82
1645 2 68
1646 2 43
1647 2 72
1648 2 8
1649 2 96
1650 2 92
1651 2 51
1652 2 92
1653 2 39
1654 2 1
1655 2 42
1656 2 35
1657 2 14
1658 2 62
1659 2 64
1660 2 86
1661 2 44
1662 2 100
1663 2 14
1664 2 73
1665 2 8
1666 2 21
1667 2 42
1668 2 60
1669 2 18
1670 2 64
1671 2 29
1672 2 53
1673 2 93
1674 2 47
1675 2 18
1676 2 96
1677 2 55
1678 2 53
1679 2 56
1680 2 54
1681 2 89
1682 2 72
1683 2 88
1684 2 55
1685 2 3
1686 2 12
1687 2 41
1688 2 56
1689 2 90
1690 2 97
1691 2 61
1692 2 93
1693 2 85
1694 2 37
1695 2 11
1696 2 20
1697 2 87
1698 2 72
1699 2 47
1700 2 64
1701 2 28
1702 2 31
1703 2 36
1704 2 83
1705 2 40
1706 2 9
1707 2 23
1708 2 41
1709 2 14
1710 2 1
1711 2 85
1712 2 7
1713 2 98
1714 2 2
1715 2 57
1716 2 56
1717 2 72
1718 2 17
1719 2 55
1720 2 23
1721 2 99
1722 2 7
1723 2 26
1724 2 11
1725 2 54
1726 2 96
1727 2 100
1728 2 94
1729 2 30
1730 2 29
1731 2 80
1732 2 46
1733 2 2
1734 2 79
1735 2 7
1736 2 71
1737 2 98
1738 2 54
1739 2 92
1740 2 75
1741 2 33
1742 2 95
1743 2 94
1744 2 49
1745 2 36
1746 2 34
1747 2 54
1748 2 55
1749 2 8
1750 2 37
1751 2 26
1752 2 92
1753 2 23
1754 2 23
1755 2 84
1756 2 11
1757 2 96
1758 2 13
1759 2 49
1760 2 13
1761 2 26
1762 2 33
1763 2 90
1764 2 39
1765 2 33
1766 2 66
1767 2 70
1768 2 74
1769 2 13
1770 2 17
1771 2 74
1772 2 81
1773 2 97
1774 2 35
1775 2 95
1776 2 6
1777 2 57
1778 2 65
1779 2 20
1780 2 13
1781 2 89
1782 2 43
1783 2 70
1784 2 36
1785 2 12
1786 2 93
1787 2 42
1788 2 69
1789 2 74
1790 2 37
1791 2 78
1792 2 71
1793 2 86
1794 2 27
1795 2 60
1796 2 2
1797 2 28
1798 2 23
1799 2 5
1800 2 62
1801 2 100
1802 2 55
1803 2 20
1804 2 4
1805 2 77
1806 2 2
1807 2 25
1808 2 97
1809 2 60
1810 2 98
1811 2 50
1812 2 65
1813 2 2
1814 2 35
1815 2 33
1816 2 21
1817 2 1
1818 2 34
1819 2 76
1820 2 1
1821 2 8
1822 2 27
1823 2 96
1824 2 100
1825 2 74
1826 2 67
1827 2 38
1828 2 91
1829 2 67
1830 2 50
1831 2 1
1832 2 25
1833 2 95
1834 2 54
1835 2 90
1836 2 73
1837 2 50
1838 2 19
1839 2 38
1840 2 63
1841 2 6
1842 2 77
1843 2 76
1844 2 19
1845 2 28
1846 2 5
1847 2 97
1848 2 69
1849 2 27
1850 2 100
1851 2 94
1852 2 76
1853 2 98
1854 2 87
1855 2 37
1856 2 38
1857 2 59
1858 2 5
1859 2 8
1860 2 10
1861 2 15
1862 2 12
1863 2 13
1864 2 54
1865 2 31
1866 2 28
1867 2 72
1868 2 33
1869 2 86
1870 2 82
1871 2 4
1872 2 70
1873 2 81
1874 2 6
1875 2 19
1876 2 31
1877 2 81
1878 2 14
1879 2 29
1880 2 59
1881 2 60
1882 2 41
1883 2 73
1884 2 29
1885 2 89
1886 2 5
1887 2 11
1888 2 59
1889 2 67
1890 2 41
1891 2 43
1892 2 55
1893 2 7
1894 2 32
1895 2 53
1896 2 41
1897 2 47
1898 2 64
1899 2 59
1900 2 19
1901 2 79
1902 2 67
1903 2 3
1904 2 28
1905 2 91
1906 2 74
1907 2 93
1908 2 10
1909 2 99
1910 2 61
1911 2 29
1912 2 44
1913 2 70
1914 2 36
1915 2 35
1916 2 16
1917 2 44
1918 2 61
1919 2 74
1920 2 14
1921 2 84
1922 2 96
1923 2 70
1924 2 3
1925 2 31
1926 2 18
1927 2 1
1928 2 67
1929 2 79
1930 2 42
1931 2 70
1932 2 96
1933 2 8
1934 2 67
1935 2 37
1936 2 4
1937 2 66
1938 2 64
1939 2 12
1940 2 91
1941 2 1
1942 2 14
1943 2 66
1944 2 27
1945 2 28
1946 2 38
1947 2 66
1948 2 2
1949 2 27
1950 2 48
1951 2 28
1952 2 55
1953 2 94
1954 2 69
1955 2 81
1956 2 61
1957 2 99
1958 2 6
1959 2 86
1960 2 79
1961 2 95
1962 2 83
1963 2 33
1964 2 70
1965 2 33
1966 2 9
1967 2 96
1968 2 59
1969 2 30
1970 2 12
1971 2 88
1972 2 18
1973 2 32
1974 2 97
1975 2 98
1976 2 3
1977 2 47
1978 2 66
1979 2 74
1980 2 57
1981 2 95
1982 2 89
1983 2 83
1984 2 87
1985 2 71
1986 2 44
1987 2 48
1988 2 33
1989 2 39
1990 2 61
1991 2 91
1992 2 13
1993 2 16
1994 2 10
1995 2 65
1996 2 7
1997 2 83
1998 2 45
1999 2 3
2000 2 39
2001 2 5
2002 2 10
2003 2 79
2004 2 83
2005 2 22
2006 2 39
2007 2 20
2008 2 79
2009 2 77
2010 2 44
2011 2 17
2012 2 35
2013 2 66
2014 2 36
2015 2 86
2016 2 84
2017 2 85
2018 2 82
2019 2 100
2020 2 88
2021 2 92
2022 2 49
2023 2 68
2024 2 37
2025 2 20
2026 2 55
2027 2 52
2028 2 74
2029 2 9
2030 2 27
2031 2 94
2032 2 6
2033 2 69
2034 2 39
2035 2 47
2036 2 83
2037 2 21
2038 2 15
2039 2 33
2040 2 56
2041 2 72
2042 2 36
2043 2 21
2044 2 72
2045 2 6
2046 2 54
2047 2 6
2048 2 8
2049 2 67
2050 2 10
2051 2 32
2052 2 81
2053 2 33
2054 2 32
2055 2 90
2056 2 88
2057 2 65
2058 2 62
2059 2 88
2060 2 52
2061 2 19
2062 2 8
2063 2 93
2064 2 51
2065 2 41
2066 2 74
2067 2 23
2068 2 1
2069 2 92
2070 2 29
2071 2 38
2072 2 12
2073 2 32
2074 2 42
2075 2 9
2076 2 74
2077 2 3
2078 2 41
2079 2 61
2080 2 15
2081 2 73
2082 2 84
2083 2 80
2084 2 16
2085 2 95
2086 2 42
2087 2 59
2088 2 56
2089 2 75
2090 2 92
2091 2 68
2092 2 99
2093 2 17
2094 2 87
2095 2 65
2096 2 27
2097 2 42
2098 2 31
2099 2 43
2100 2 81
2101 2 92
2102 2 6
2103 2 76
2104 2 70
2105 2 55
2106 2 7
2107 2 57
2108 2 27
2109 2 11
2110 2 75
2111 2 21
2112 2 35
2113 2 67
2114 2 12
2115 2 96
2116 2 5
2117 2 52
2118 2 57
2119 2 49
2120 2 48
2121 2 60
2122 2 4
2123 2 45
2124 2 29
2125 2 72
2126 2 100
2127 2 85
2128 2 4
2129 2 50
2130 2 43
2131 2 68
2132 2 44
2133 2 91
2134 2 92
2135 2 26
2136 2 14
2137 2 23
2138 2 94
2139 2 42
2140 2 58
2141 2 20
2142 2 64
2143 2 45
2144 2 50
2145 2 58
2146 2 63
2147 2 37
2148 2 29
2149 2 22
2150 2 3
2151 2 15
2152 2 25
2153 2 18
2154 2 82
2155 2 1
2156 2 25
2157 2 47
2158 2 15
2159 2 93
2160 2 56
2161 2 91
2162 2 56
2163 2 20
2164 2 48
2165 2 91
2166 2 25
2167 2 100
2168 2 16
2169 2 63
2170 2 27
2171 2 95
2172 2 15
2173 2 33
2174 2 46
2175 2 85
2176 2 95
2177 2 85
2178 2 75
2179 2 34
2180 2 90
2181 2 52
2182 2 23
2183 2 78
2184 2 52
2185 2 32
2186 2 10
2187 2 90
2188 2 79
2189 2 50
2190 2 53
2191 2 50
2192 2 78
2193 2 56
2194 2 48
2195 2 81
2196 2 19
2197 2 55
2198 2 24
2199 2 91
2200 2 29
2201 2 11
2202 2 50
2203 2 36
2204 2 10
2205 2 22
2206 2 15
2207 2 34
2208 2 38
2209 2 64
2210 2 74
2211 2 79
2212 2 18
2213 2 62
2214 2 17
2215 2 92
2216 2 62
2217 2 46
2218 2 73
2219 2 48
2220 2 16
2221 2 89
2222 2 73
2223 2 10
2224 2 67
2225 2 70
2226 2 58
2227 2 7
2228 2 52
2229 2 20
2230 2 6
2231 2 94
2232 2 40
2233 2 79
2234 2 4
2235 2 49
2236 2 44
2237 2 3
2238 2 86
2239 2 35
2240 2 68
2241 2 40
2242 2 80
2243 2 12
2244 2 77
2245 2 1
2246 2 50
2247 2 95
2248 2 82
2249 2 69
2250 2 61
2251 2 17
2252 2 39
2253 2 77
2254 2 19
2255 2 11
2256 2 9
2257 2 67
2258 2 19
2259 2 56
2260 2 52
2261 2 88
2262 2 73
2263 2 53
2264 2 85
2265 2 64
2266 2 76
2267 2 71
2268 2 60
2269 2 45
2270 2 95
2271 2 56
2272 2 43
2273 2 32
2274 2 23
2275 2 82
2276 2 9
2277 2 83
2278 2 25
2279 2 94
2280 2 81
2281 2 4
2282 2 40
2283 2 3
2284 2 16
2285 2 16
2286 2 47
2287 2 65
2288 2 18
2289 2 81
2290 2 97
2291 2 66
2292 2 9
2293 2 77
2294 2 51
2295 2 60
2296 2 65
2297 2 33
2298 2 62
2299 2 41
2300 2 46
2301 2 55
2302 2 79
2303 2 17
2304 2 73
2305 2 68
2306 2 1
2307 2 16
2308 2 32
2309 2 18
2310 2 58
2311 2 50
2312 2 25
2313 2 75
2314 2 82
2315 2 5
2316 2 87
2317 2 52
2318 2 14
2319 2 74
2320 2 33
2321 2 95
2322 2 6
2323 2 92
2324 2 33
2325 2 6
2326 2 72
2327 2 99
2328 2 6
2329 2 2
2330 2 51
2331 2 59
2332 2 19
2333 2 45
2334 2 8
2335 2 95
2336 2 82
2337 2 40
2338 2 93
2339 2 74
2340 2 53
2341 2 42
2342 2 29
2343 2 1
2344 2 84
2345 2 10
2346 2 21
2347 2 67
2348 2 53
2349 2 53
2350 2 87
2351 2 92
2352 2 35
2353 2 77
2354 2 49
2355 2 50
2356 2 47
2357 2 96
2358 2 62
2359 2 91
2360 2 82
2361 2 71
2362 2 57
2363 2 45
2364 2 98
2365 2 88
2366 2 20
2367 2 89
2368 2 16
2369 2 96
2370 2 31
2371 2 52
2372 2 44
2373 2 85
2374 2 7
2375 2 77
2376 2 9
2377 2 86
2378 2 79
2379 2 69
2380 2 85
2381 2 41
2382 2 66
2383 2 82
2384 2 82
2385 2 28
2386 2 15
2387 2 85
2388 2 24
2389 2 85
2390 2 67
2391 2 43
2392 2 20
2393 2 37
2394 2 86
2395 2 51
2396 2 15
2397 2 86
2398 2 95
2399 2 75
2400 2 9
2401 2 69
2402 2 12
2403 2 95
2404 2 6
2405 2 37
2406 2 30
2407 2 17
2408 2 76
2409 2 61
2410 2 39
2411 2 68
2412 2 51
2413 2 6
2414 2 87
2415 2 84
2416 2 32
2417 2 3
2418 2 26
2419 2 11
2420 2 34
2421 2 63
2422 2 58
2423 2 100
2424 2 5
2425 2 79
2426 2 50
2427 2 42
2428 2 74
2429 2 89
2430 2 3
2431 2 9
2432 2 76
2433 2 78
2434 2 58
2435 2 6
2436 2 62
2437 2 85
2438 2 80
2439 2 70
2440 2 22
2441 2 97
2442 2 94
2443 2 51
2444 2 23
2445 2 31
2446 2 39
2447 2 70
2448 2 84
2449 2 90
2450 2 52
2451 2 74
2452 2 71
2453 2 45
2454 2 23
2455 2 76
2456 2 96
2457 2 57
2458 2 71
2459 2 89
2460 2 71
2461 2 44
2462 2 38
2463 2 32
2464 2 37
2465 2 43
2466 2 47
2467 2 57
2468 2 60
2469 2 9
2470 2 65
2471 2 18
2472 2 38
2473 2 26
2474 2 58
2475 2 78
2476 2 62
2477 2 93
2478 2 100
2479 2 9
2480 2 70
2481 2 37
2482 2 64
2483 2 58
2484 2 63
2485 2 88
2486 2 90
2487 2 53
2488 2 40
2489 2 59
2490 2 47
2491 2 5
2492 2 47
2493 2 4
2494 2 71
2495 2 79
2496 2 97
2497 2 33
2498 2 39
2499 2 96
2500 2 12
2501 2 86
2502 2 15
2503 2 3
2504 2 84
2505 2 26
2506 2 33
2507 2 37
2508 2 43
2509 2 26
2510 2 69
2511 2 32
2512 2 7
2513 2 97
2514 2 79
2515 2 81
2516 2 36
2517 2 54
2518 2 68
2519 2 26
2520 2 16
2521 2 98
2522 2 53
2523 2 24
2524 2 29
2525 2 23
2526 2 90
2527 2 2
2528 2 6
2529 2 58
2530 2 52
2531 2 100
2532 2 30
2533 2 70
2534 2 16
2535 2 88
2536 2 28
2537 2 31
2538 2 62
2539 2 9
2540 2 6
2541 2 76
2542 2 95
2543 2 55
2544 2 74
2545 2 33
2546 2 3
2547 2 41
2548 2 16
2549 2 85
2550 2 20
2551 2 11
2552 2 33
2553 2 65
2554 2 85
2555 2 88
2556 2 77
2557 2 19
2558 2 15
2559 2 45
2560 2 50
2561 2 64
2562 2 88
2563 2 8
2564 2 19
2565 2 43
2566 2 71
2567 2 86
2568 2 39
2569 2 76
2570 2 9
2571 2 1
2572 2 79
2573 2 30
2574 2 56
2575 2 15
2576 2 35
2577 2 33
2578 2 38
2579 2 69
2580 2 97
2581 2 12
2582 2 30
2583 2 57
2584 2 37
2585 2 84
2586 2 19
2587 2 32
2588 2 68
2589 2 52
2590 2 35
2591 2 41
2592 2 93
2593 2 11
2594 2 30
2595 2 84
2596 2 78
2597 2 1
2598 2 80
2599 2 83
2600 2 19
2601 2 49
2602 2 59
2603 2 21
2604 2 3
2605 2 64
2606 2 62
2607 2 6
2608 2 58
2609 2 1
2610 2 7
2611 2 37
2612 2 50
2613 2 64
2614 2 6
2615 2 10
2616 2 59
2617 2 100
2618 2 76
2619 2 4
2620 2 56
2621 2 92
2622 2 69
2623 2 76
2624 2 81
2625 2 25
2626 2 70
2627 2 32
2628 2 56
2629 2 34
2630 2 36
2631 2 5
2632 2 62
2633 2 87
2634 2 47
2635 2 54
2636 2 20
2637 2 59
2638 2 60
2639 2 74
2640 2 68
2641 2 58
2642 2 99
2643 2 33
2644 2 24
2645 2 83
2646 2 37
2647 2 4
2648 2 43
2649 2 15
2650 2 39
2651 2 73
2652 2 55
2653 2 33
2654 2 1
2655 2 84
2656 2 16
2657 2 60
2658 2 81
2659 2 21
2660 2 83
2661 2 20
2662 2 90
2663 2 28
2664 2 100
2665 2 21
2666 2 5
2667 2 2
2668 2 21
2669 2 90
2670 2 59
2671 2 99
2672 2 92
2673 2 11
2674 2 84
2675 2 86
2676 2 49
2677 2 55
2678 2 18
2679 2 7
2680 2 93
2681 2 99
2682 2 96
2683 2 70
2684 2 32
2685 2 66
2686 2 68
2687 2 21
2688 2 21
2689 2 3
2690 2 66
2691 2 70
2692 2 33
2693 2 58
2694 2 74
2695 2 66
2696 2 71
2697 2 75
2698 2 25
2699 2 87
2700 2 43
2701 2 45
2702 2 52
2703 2 23
2704 2 38
2705 2 12
2706 2 72
2707 2 39
2708 2 92
2709 2 23
2710 2 21
2711 2 53
2712 2 70
2713 2 91
2714 2 12
2715 2 39
2716 2 32
2717 2 75
2718 2 41
2719 2 17
2720 2 8
2721 2 86
2722 2 41
2723 2 83
2724 2 49
2725 2 28
2726 2 36
2727 2 57
2728 2 57
2729 2 69
2730 2 48
2731 2 24
2732 2 63
2733 2 68
2734 2 40
2735 2 20
2736 2 14
2737 2 33
2738 2 2
2739 2 52
2740 2 81
2741 2 16
2742 2 67
2743 2 12
2744 2 21
2745 2 16
2746 2 61
2747 2 28
2748 2 66
2749 2 4
2750 2 20
2751 2 26
2752 2 13
2753 2 21
2754 2 42
2755 2 20
2756 2 3
2757 2 59
2758 2 49
2759 2 31
2760 2 13
2761 2 51
2762 2 45
2763 2 70
2764 2 46
2765 2 96
2766 2 74
2767 2 33
2768 2 53
2769 2 19
2770 2 71
2771 2 90
2772 2 24
2773 2 32
2774 2 62
2775 2 23
2776 2 22
2777 2 64
2778 2 17
2779 2 30
2780 2 66
2781 2 42
2782 2 57
2783 2 23
2784 2 89
2785 2 97
2786 2 17
2787 2 54
2788 2 48
2789 2 21
2790 2 47
2791 2 19
2792 2 12
2793 2 46
2794 2 20
2795 2 87
2796 2 67
2797 2 63
2798 2 63
2799 2 10
2800 2 18
2801 2 53
2802 2 17
2803 2 8
2804 2 54
2805 2 45
2806 2 28
2807 2 42
2808 2 22
2809 2 29
2810 2 36
2811 2 51
2812 2 48
2813 2 56
2814 2 64
2815 2 89
2816 2 63
2817 2 89
2818 2 75
2819 2 80
2820 2 54
2821 2 80
2822 2 84
2823 2 66
2824 2 8
2825 2 97
2826 2 49
2827 2 93
2828 2 91
2829 2 68
2830 2 1
2831 2 59
2832 2 89
2833 2 19
2834 2 50
2835 2 10
2836 2 90
2837 2 18
2838 2 60
2839 2 10
2840 2 3
2841 2 6
2842 2 24
2843 2 5
2844 2 20
2845 2 70
2846 2 70
2847 2 86
2848 2 79
2849 2 73
2850 2 15
2851 2 90
2852 2 47
2853 2 4
2854 2 64
2855 2 26
2856 2 83
2857 2 45
2858 2 1
2859 2 76
2860 2 16
2861 2 52
2862 2 82
2863 2 21
2864 2 94
2865 2 73
2866 2 53
2867 2 60
2868 2 56
2869 2 40
2870 2 31
2871 2 66
2872 2 91
2873 2 48
2874 2 79
2875 2 96
2876 2 27
2877 2 61
2878 2 74
2879 2 96
2880 2 6
2881 2 98
2882 2 33
2883 2 12
2884 2 51
2885 2 79
2886 2 37
2887 2 14
2888 2 84
2889 2 20
2890 2 6
2891 2 66
2892 2 16
2893 2 60
2894 2 25
2895 2 83
2896 2 22
2897 2 96
2898 2 23
2899 2 50
2900 2 60
2901 2 29
2902 2 27
2903 2 10
2904 2 17
2905 2 53
2906 2 32
2907 2 34
2908 2 92
2909 2 47
2910 2 8
2911 2 66
2912 2 67
2913 2 79
2914 2 46
2915 2 87
2916 2 64
2917 2 63
2918 2 49
2919 2 26
2920 2 67
2921 2 28
2922 2 2
2923 2 73
2924 2 90
2925 2 97
2926 2 47
2927 2 5
2928 2 92
2929 2 67
2930 2 42
2931 2 89
2932 2 15
2933 2 3
2934 2 22
2935 2 50
2936 2 82
2937 2 19
2938 2 99
2939 2 85
2940 2 19
2941 2 54
2942 2 89
2943 2 44
2944 2 74
2945 2 52
2946 2 45
2947 2 38
2948 2 72
2949 2 63
2950 2 43
2951 2 10
2952 2 97
2953 2 84
2954 2 97
2955 2 24
2956 2 55
2957 2 98
2958 2 42
2959 2 16
2960 2 48
2961 2 10
2962 2 56
2963 2 72
2964 2 4
2965 2 97
2966 2 63
2967 2 6
2968 2 84
2969 2 90
2970 2 60
2971 2 16
2972 2 25
2973 2 97
2974 2 75
2975 2 95
2976 2 27
2977 2 93
2978 2 42
2979 2 5
2980 2 46
2981 2 63
2982 2 43
2983 2 75
2984 2 45
2985 2 40
2986 2 69
2987 2 87
2988 2 57
2989 2 48
2990 2 28
2991 2 38
2992 2 46
2993 2 81
2994 2 44
2995 2 87
2996 2 99
2997 2 80
2998 2 95
2999 2 23
3000 2 73
