3000 3000
1541 1 1
1519 1 1
1512 2 1
1531 2 1
1545 1 1
1541 2 1
1542 1 1
1518 1 1
1521 1 1
1517 1 1
1503 2 1
1523 2 1
1503 1 1
1512 2 1
1523 1 1
1516 1 1
1538 1 1
1514 2 1
1540 1 1
1506 1 1
1529 1 1
1506 1 1
1531 2 1
1526 1 1
1518 2 1
1533 1 1
1504 1 1
1523 2 1
1524 2 1
1527 1 1
1536 1 1
1505 1 1
1531 1 1
1541 1 1
1507 2 1
1507 2 1
1545 1 1
1521 1 1
1506 1 1
1500 2 1
1510 2 1
1548 2 1
1502 1 1
1524 2 1
1548 1 1
1531 2 1
1518 1 1
1527 2 1
1548 2 1
1510 1 1
1509 2 1
1500 1 1
1548 1 1
1544 1 1
1545 2 1
1523 2 1
1548 1 1
1530 2 1
1539 2 1
1522 1 1
1538 2 1
1508 1 1
1506 1 1
1522 1 1
1512 2 1
1519 1 1
1531 2 1
1521 1 1
1542 1 1
1500 2 1
1511 2 1
1505 2 1
1532 1 1
1517 1 1
1519 2 1
1526 1 1
1525 2 1
1541 1 1
1518 2 1
1529 2 1
1549 2 1
1543 1 1
1536 1 1
1505 2 1
1516 2 1
1513 2 1
1512 2 1
1513 1 1
1546 1 1
1546 2 1
1535 1 1
1544 2 1
1503 1 1
1545 2 1
1524 1 1
1537 2 1
1502 1 1
1514 1 1
1522 1 1
1537 2 1
1523 1 1
1542 1 1
1513 2 1
1527 1 1
1523 2 1
1503 2 1
1525 1 1
1522 1 1
1537 1 1
1520 2 1
1511 2 1
1535 1 1
1545 2 1
1526 1 1
1521 2 1
1501 1 1
1519 2 1
1510 2 1
1520 2 1
1543 2 1
1532 2 1
1527 2 1
1529 1 1
1502 1 1
1537 2 1
1514 1 1
1530 2 1
1511 1 1
1540 2 1
1540 2 1
1500 1 1
1515 1 1
1508 1 1
1507 1 1
1513 1 1
1510 1 1
1505 1 1
1535 1 1
1523 1 1
1526 2 1
1537 2 1
1546 1 1
1517 2 1
1523 2 1
1509 2 1
1503 1 1
1504 2 1
1532 2 1
1511 1 1
1525 1 1
1504 2 1
1509 1 1
1526 2 1
1500 2 1
1543 1 1
1506 2 1
1512 1 1
1513 2 1
1542 2 1
1524 2 1
1546 2 1
1525 1 1
1517 2 1
1519 1 1
1535 2 1
1540 1 1
1501 1 1
1535 2 1
1514 2 1
1525 2 1
1549 2 1
1517 1 1
1513 2 1
1515 1 1
1524 2 1
1520 1 1
1525 1 1
1537 2 1
1521 2 1
1510 1 1
1514 2 1
1541 1 1
1500 2 1
1503 2 1
1534 1 1
1513 1 1
1546 1 1
1519 1 1
1515 1 1
1518 2 1
1532 2 1
1520 2 1
1523 2 1
1515 2 1
1547 2 1
1509 2 1
1538 1 1
1521 1 1
1546 2 1
1530 2 1
1536 1 1
1535 2 1
1524 2 1
1507 2 1
1518 2 1
1505 1 1
1534 1 1
1525 1 1
1548 1 1
1523 2 1
1526 2 1
1515 2 1
1514 1 1
1536 2 1
1515 2 1
1525 1 1
1540 1 1
1543 1 1
1508 1 1
1503 1 1
1548 2 1
1509 1 1
1518 2 1
1511 1 1
1543 2 1
1539 2 1
1524 2 1
1531 2 1
1508 2 1
1545 1 1
1535 2 1
1522 1 1
1511 2 1
1509 2 1
1537 1 1
1521 2 1
1505 2 1
1512 1 1
1535 1 1
1530 2 1
1515 1 1
1523 1 1
1506 1 1
1541 2 1
1528 1 1
1521 2 1
1533 2 1
1518 2 1
1500 2 1
1536 2 1
1517 1 1
1521 1 1
1516 2 1
1531 1 1
1521 1 1
1509 2 1
1524 1 1
1523 1 1
1518 2 1
1531 1 1
1514 1 1
1540 1 1
1504 1 1
1541 1 1
1539 1 1
1545 2 1
1538 1 1
1509 1 1
1512 1 1
1546 2 1
1547 2 1
1548 1 1
1528 1 1
1532 2 1
1512 2 1
1518 2 1
1516 2 1
1508 1 1
1510 2 1
1525 1 1
1548 1 1
1538 2 1
1525 2 1
1515 1 1
1505 1 1
1511 2 1
1530 2 1
1525 1 1
1537 1 1
1514 2 1
1535 1 1
1537 1 1
1508 2 1
1502 1 1
1526 1 1
1549 2 1
1543 2 1
1519 2 1
1516 2 1
1514 1 1
1509 2 1
1539 1 1
1508 1 1
1510 2 1
1510 2 1
1545 1 1
1502 1 1
1522 2 1
1527 2 1
1544 1 1
1531 2 1
1528 2 1
1508 2 1
1509 1 1
1519 1 1
1516 1 1
1537 1 1
1547 1 1
1531 1 1
1523 1 1
1520 1 1
1540 1 1
1527 1 1
1527 2 1
1546 2 1
1526 1 1
1503 2 1
1508 2 1
1543 1 1
1528 2 1
1542 2 1
1515 2 1
1534 1 1
1501 2 1
1520 2 1
1540 2 1
1529 2 1
1542 1 1
1526 1 1
1501 1 1
1533 1 1
1522 2 1
1518 2 1
1538 1 1
1514 2 1
1513 1 1
1539 2 1
1536 1 1
1530 1 1
1533 2 1
1510 1 1
1532 2 1
1544 1 1
1547 1 1
1514 2 1
1515 1 1
1512 2 1
1524 1 1
1504 2 1
1530 1 1
1540 2 1
1533 2 1
1502 1 1
1540 2 1
1540 1 1
1510 2 1
1521 2 1
1520 1 1
1540 2 1
1518 2 1
1524 1 1
1517 2 1
1520 1 1
1522 2 1
1506 2 1
1516 2 1
1504 1 1
1510 2 1
1536 1 1
1537 2 1
1506 1 1
1549 2 1
1521 1 1
1528 1 1
1527 2 1
1531 1 1
1503 2 1
1543 2 1
1529 2 1
1541 1 1
1501 1 1
1527 1 1
1524 1 1
1546 2 1
1549 1 1
1536 1 1
1512 1 1
1530 2 1
1513 1 1
1528 2 1
1545 2 1
1500 2 1
1514 1 1
1546 1 1
1510 2 1
1505 1 1
1501 1 1
1526 1 1
1516 1 1
1514 2 1
1548 2 1
1532 1 1
1502 2 1
1521 1 1
1518 1 1
1509 2 1
1522 1 1
1503 1 1
1526 2 1
1511 2 1
1516 2 1
1523 2 1
1531 1 1
1543 2 1
1531 2 1
1547 2 1
1522 1 1
1515 2 1
1506 1 1
1521 2 1
1520 1 1
1509 1 1
1517 1 1
1518 2 1
1518 2 1
1536 1 1
1521 2 1
1518 2 1
1537 2 1
1510 2 1
1502 2 1
1535 1 1
1527 1 1
1513 2 1
1538 2 1
1547 1 1
1537 2 1
1501 2 1
1503 2 1
1525 2 1
1522 2 1
1543 1 1
1511 2 1
1516 1 1
1531 2 1
1509 2 1
1515 2 1
1530 2 1
1521 1 1
1502 1 1
1525 1 1
1530 1 1
1508 1 1
1508 1 1
1524 1 1
1535 2 1
1505 1 1
1531 1 1
1525 1 1
1505 1 1
1521 1 1
1518 1 1
1500 2 1
1519 1 1
1529 2 1
1511 2 1
1533 1 1
1503 1 1
1518 2 1
1502 1 1
1505 2 1
1526 1 1
1529 1 1
1521 1 1
1533 1 1
1529 2 1
1537 1 1
1535 1 1
1512 2 1
1507 1 1
1521 2 1
1547 1 1
1522 1 1
1501 1 1
1501 1 1
1521 2 1
1521 2 1
1510 1 1
1512 2 1
1543 1 1
1508 2 1
1545 1 1
1539 2 1
1525 2 1
1530 1 1
1530 2 1
1505 2 1
1538 2 1
1509 1 1
1537 1 1
1543 2 1
1506 2 1
1532 1 1
1534 2 1
1517 1 1
1537 2 1
1537 2 1
1510 1 1
1536 2 1
1534 1 1
1526 2 1
1540 2 1
1539 2 1
1543 2 1
1503 2 1
1545 1 1
1533 2 1
1543 1 1
1528 1 1
1541 1 1
1543 2 1
1502 1 1
1541 1 1
1516 2 1
1526 1 1
1510 1 1
1513 1 1
1510 2 1
1545 2 1
1539 2 1
1502 2 1
1526 2 1
1520 2 1
1506 1 1
1519 2 1
1545 2 1
1538 2 1
1522 2 1
1525 1 1
1504 2 1
1533 2 1
1500 2 1
1511 2 1
1508 1 1
1529 1 1
1502 2 1
1535 1 1
1544 1 1
1542 2 1
1519 2 1
1514 2 1
1523 2 1
1502 2 1
1502 1 1
1544 1 1
1515 2 1
1520 2 1
1519 2 1
1502 2 1
1522 1 1
1500 2 1
1542 2 1
1516 1 1
1515 2 1
1535 1 1
1502 1 1
1522 1 1
1538 1 1
1548 2 1
1539 2 1
1503 2 1
1539 1 1
1514 1 1
1531 2 1
1521 2 1
1540 2 1
1530 1 1
1503 1 1
1507 2 1
1540 2 1
1516 2 1
1545 2 1
1501 2 1
1533 2 1
1525 2 1
1537 2 1
1538 2 1
1518 1 1
1509 1 1
1548 1 1
1517 2 1
1546 1 1
1526 2 1
1510 2 1
1505 2 1
1534 1 1
1523 2 1
1537 2 1
1544 1 1
1539 2 1
1549 2 1
1548 2 1
1523 1 1
1511 2 1
1516 1 1
1503 1 1
1542 2 1
1530 1 1
1527 2 1
1524 1 1
1539 2 1
1547 1 1
1525 2 1
1516 1 1
1526 1 1
1501 2 1
1535 1 1
1505 1 1
1527 2 1
1522 1 1
1546 2 1
1525 2 1
1528 1 1
1527 2 1
1525 2 1
1537 1 1
1506 2 1
1545 1 1
1523 1 1
1505 1 1
1539 2 1
1531 1 1
1529 2 1
1545 1 1
1522 1 1
1547 2 1
1527 2 1
1528 1 1
1528 2 1
1526 2 1
1524 2 1
1512 2 1
1534 2 1
1543 2 1
1521 1 1
1527 2 1
1541 2 1
1522 2 1
1515 2 1
1500 2 1
1529 1 1
1524 2 1
1535 1 1
1529 1 1
1523 1 1
1543 2 1
1517 1 1
1504 2 1
1521 1 1
1542 1 1
1521 1 1
1504 2 1
1543 1 1
1538 1 1
1540 1 1
1508 1 1
1537 1 1
1527 2 1
1548 2 1
1504 2 1
1533 2 1
1536 1 1
1542 1 1
1543 2 1
1513 2 1
1506 2 1
1509 1 1
1524 1 1
1501 1 1
1541 1 1
1505 1 1
1502 2 1
1516 1 1
1532 2 1
1529 2 1
1503 2 1
1522 2 1
1540 2 1
1507 2 1
1521 1 1
1523 1 1
1537 1 1
1539 2 1
1510 2 1
1509 2 1
1542 1 1
1538 1 1
1533 2 1
1538 1 1
1514 2 1
1519 1 1
1507 2 1
1543 2 1
1526 2 1
1534 1 1
1514 2 1
1514 1 1
1500 2 1
1543 2 1
1535 1 1
1511 1 1
1538 1 1
1523 1 1
1537 2 1
1542 2 1
1511 1 1
1548 1 1
1529 1 1
1545 2 1
1528 2 1
1531 1 1
1533 1 1
1530 2 1
1510 2 1
1527 1 1
1521 1 1
1511 2 1
1521 1 1
1525 2 1
1548 2 1
1531 1 1
1518 2 1
1509 1 1
1500 1 1
1530 2 1
1504 1 1
1504 2 1
1521 2 1
1521 2 1
1535 2 1
1510 1 1
1506 2 1
1537 2 1
1540 2 1
1509 1 1
1503 2 1
1543 2 1
1540 1 1
1512 2 1
1517 2 1
1530 1 1
1539 1 1
1544 2 1
1520 1 1
1514 1 1
1505 2 1
1543 2 1
1512 2 1
1548 2 1
1504 2 1
1540 2 1
1517 1 1
1500 1 1
1535 2 1
1537 2 1
1529 1 1
1530 2 1
1535 1 1
1505 1 1
1525 1 1
1540 1 1
1539 1 1
1512 2 1
1514 1 1
1520 2 1
1543 1 1
1531 1 1
1526 2 1
1523 1 1
1545 2 1
1528 1 1
1513 1 1
1529 1 1
1515 1 1
1548 1 1
1545 1 1
1511 2 1
1502 1 1
1505 2 1
1515 1 1
1528 2 1
1535 1 1
1533 2 1
1532 1 1
1532 2 1
1510 2 1
1543 2 1
1521 2 1
1529 2 1
1530 1 1
1526 2 1
1538 1 1
1524 1 1
1544 2 1
1505 2 1
1540 2 1
1528 2 1
1542 2 1
1543 2 1
1504 2 1
1535 2 1
1523 2 1
1546 1 1
1546 2 1
1530 2 1
1520 2 1
1513 1 1
1500 1 1
1525 2 1
1545 2 1
1517 2 1
1541 1 1
1500 1 1
1543 2 1
1543 2 1
1525 1 1
1500 1 1
1523 2 1
1546 1 1
1538 2 1
1549 2 1
1501 1 1
1517 2 1
1521 2 1
1544 1 1
1542 1 1
1541 1 1
1544 2 1
1534 2 1
1549 2 1
1532 1 1
1513 1 1
1517 1 1
1502 1 1
1537 1 1
1527 1 1
1521 2 1
1514 2 1
1545 1 1
1548 1 1
1543 1 1
1514 1 1
1515 2 1
1502 2 1
1538 1 1
1506 2 1
1508 1 1
1538 1 1
1506 2 1
1501 1 1
1547 1 1
1510 1 1
1544 2 1
1528 1 1
1535 1 1
1506 2 1
1502 1 1
1529 1 1
1540 1 1
1539 1 1
1522 1 1
1527 1 1
1535 2 1
1501 2 1
1522 1 1
1511 1 1
1539 1 1
1502 2 1
1536 1 1
1529 1 1
1545 1 1
1519 2 1
1535 1 1
1504 1 1
1521 1 1
1510 1 1
1527 1 1
1538 2 1
1530 1 1
1503 2 1
1538 1 1
1540 2 1
1504 2 1
1549 1 1
1532 2 1
1537 1 1
1533 1 1
1518 1 1
1537 2 1
1519 1 1
1540 1 1
1520 2 1
1547 1 1
1503 1 1
1524 2 1
1512 1 1
1504 2 1
1512 1 1
1522 1 1
1500 1 1
1531 1 1
1507 1 1
1535 1 1
1525 1 1
1538 2 1
1542 2 1
1503 1 1
1509 2 1
1539 1 1
1549 2 1
1547 2 1
1512 2 1
1530 2 1
1536 1 1
1536 2 1
1549 2 1
1535 2 1
1525 1 1
1529 2 1
1536 1 1
1534 1 1
1504 1 1
1511 1 1
1533 1 1
1545 1 1
1507 1 1
1549 2 1
1540 1 1
1517 2 1
1534 1 1
1539 1 1
1514 2 1
1526 2 1
1512 2 1
1520 1 1
1511 2 1
1506 2 1
1508 2 1
1518 1 1
1547 2 1
1509 2 1
1536 1 1
1529 2 1
1547 1 1
1505 2 1
1516 2 1
1527 1 1
1540 2 1
1539 2 1
1521 1 1
1512 2 1
1524 1 1
1549 2 1
1516 2 1
1541 2 1
1505 1 1
1539 1 1
1534 1 1
1518 2 1
1533 1 1
1515 1 1
1506 2 1
1544 1 1
1526 1 1
1541 2 1
1521 2 1
1516 1 1
1505 1 1
1525 2 1
1546 1 1
1501 1 1
1549 1 1
1525 2 1
1543 1 1
1546 1 1
1500 1 1
1500 2 1
1510 1 1
1500 1 1
1534 1 1
1516 2 1
1501 1 1
1521 1 1
1543 1 1
1517 2 1
1515 1 1
1532 2 1
1517 2 1
1513 2 1
1511 2 1
1513 1 1
1517 1 1
1516 1 1
1522 2 1
1508 1 1
1546 2 1
1546 1 1
1514 1 1
1515 1 1
1502 2 1
1517 2 1
1504 2 1
1538 2 1
1547 2 1
1508 2 1
1549 1 1
1536 2 1
1503 2 1
1517 2 1
1531 2 1
1509 2 1
1526 1 1
1534 2 1
1531 1 1
1538 1 1
1505 2 1
1541 2 1
1529 2 1
1504 1 1
1529 1 1
1522 2 1
1536 2 1
1510 2 1
1540 2 1
1542 2 1
1511 1 1
1533 1 1
1502 1 1
1547 1 1
1536 1 1
1533 2 1
1514 2 1
1518 1 1
1508 1 1
1501 1 1
1502 1 1
1512 2 1
1500 1 1
1501 1 1
1548 2 1
1512 2 1
1521 1 1
1541 2 1
1526 2 1
1533 1 1
1519 2 1
1520 2 1
1539 2 1
1527 2 1
1522 2 1
1513 2 1
1536 2 1
1502 1 1
1536 1 1
1542 1 1
1546 1 1
1547 2 1
1502 1 1
1507 1 1
1509 2 1
1510 2 1
1533 2 1
1525 1 1
1522 2 1
1515 1 1
1506 1 1
1526 2 1
1508 1 1
1504 1 1
1506 2 1
1529 1 1
1517 2 1
1519 2 1
1512 1 1
1547 1 1
1515 2 1
1513 2 1
1531 1 1
1538 2 1
1505 1 1
1528 2 1
1523 2 1
1511 1 1
1537 2 1
1526 2 1
1506 2 1
1546 1 1
1529 2 1
1535 1 1
1507 2 1
1519 1 1
1542 1 1
1509 2 1
1515 2 1
1513 2 1
1518 2 1
1528 2 1
1524 2 1
1535 2 1
1545 2 1
1508 2 1
1531 1 1
1540 2 1
1502 2 1
1511 1 1
1513 1 1
1517 1 1
1537 1 1
1514 1 1
1525 2 1
1542 1 1
1518 1 1
1529 2 1
1508 2 1
1518 1 1
1506 1 1
1510 1 1
1544 1 1
1544 1 1
1519 1 1
1523 2 1
1537 2 1
1519 1 1
1515 2 1
1528 1 1
1546 1 1
1516 1 1
1533 1 1
1512 2 1
1542 2 1
1546 1 1
1525 1 1
1509 1 1
1504 2 1
1522 2 1
1517 1 1
1525 2 1
1522 1 1
1520 2 1
1522 1 1
1504 2 1
1516 1 1
1539 2 1
1522 2 1
1504 1 1
1524 1 1
1522 2 1
1507 2 1
1545 1 1
1509 1 1
1522 1 1
1528 2 1
1535 1 1
1506 1 1
1546 1 1
1506 1 1
1541 1 1
1504 1 1
1504 2 1
1511 2 1
1535 1 1
1505 2 1
1531 2 1
1542 2 1
1511 1 1
1519 2 1
1528 1 1
1540 1 1
1545 1 1
1516 1 1
1526 2 1
1532 2 1
1505 1 1
1515 2 1
1532 1 1
1528 2 1
1519 2 1
1549 1 1
1543 1 1
1536 1 1
1500 2 1
1546 2 1
1502 2 1
1536 2 1
1524 1 1
1525 1 1
1502 1 1
1511 2 1
1514 2 1
1517 2 1
1515 2 1
1515 1 1
1519 2 1
1540 2 1
1526 1 1
1543 2 1
1536 2 1
1505 2 1
1544 2 1
1517 2 1
1527 2 1
1541 1 1
1522 1 1
1543 2 1
1521 2 1
1516 1 1
1507 1 1
1532 2 1
1548 1 1
1529 1 1
1533 2 1
1520 1 1
1527 1 1
1503 2 1
1535 1 1
1501 2 1
1526 2 1
1538 2 1
1543 2 1
1509 2 1
1539 2 1
1531 1 1
1500 2 1
1523 2 1
1500 1 1
1513 1 1
1535 1 1
1506 1 1
1533 1 1
1540 2 1
1541 1 1
1508 2 1
1541 1 1
1525 1 1
1530 1 1
1503 1 1
1520 1 1
1549 2 1
1535 2 1
1531 2 1
1526 1 1
1542 1 1
1516 2 1
1540 2 1
1531 2 1
1525 2 1
1526 2 1
1539 2 1
1545 2 1
1542 2 1
1540 1 1
1543 2 1
1514 1 1
1524 2 1
1517 2 1
1530 1 1
1500 1 1
1532 1 1
1544 1 1
1542 2 1
1512 2 1
1502 1 1
1507 1 1
1545 1 1
1524 1 1
1513 1 1
1501 2 1
1524 1 1
1524 2 1
1526 1 1
1537 2 1
1501 1 1
1506 1 1
1534 2 1
1508 1 1
1538 1 1
1516 2 1
1521 2 1
1529 2 1
1544 1 1
1517 1 1
1548 1 1
1543 2 1
1527 2 1
1531 1 1
1542 2 1
1517 2 1
1516 1 1
1506 2 1
1545 2 1
1542 1 1
1531 1 1
1522 2 1
1524 2 1
1544 2 1
1520 2 1
1513 1 1
1503 2 1
1540 2 1
1501 2 1
1537 1 1
1509 2 1
1531 1 1
1521 1 1
1544 1 1
1515 1 1
1533 1 1
1545 2 1
1537 1 1
1539 1 1
1530 2 1
1510 2 1
1532 1 1
1536 1 1
1523 1 1
1539 2 1
1524 2 1
1531 1 1
1520 2 1
1526 1 1
1502 2 1
1528 2 1
1532 2 1
1535 1 1
1535 2 1
1546 1 1
1522 2 1
1515 1 1
1528 1 1
1504 1 1
1519 2 1
1544 2 1
1545 2 1
1510 2 1
1506 1 1
1505 2 1
1525 2 1
1517 2 1
1543 1 1
1524 2 1
1510 1 1
1524 1 1
1501 2 1
1517 1 1
1540 2 1
1549 1 1
1536 2 1
1525 2 1
1531 2 1
1501 1 1
1514 1 1
1520 1 1
1511 1 1
1529 2 1
1532 2 1
1516 1 1
1504 2 1
1533 1 1
1547 1 1
1504 1 1
1538 1 1
1530 2 1
1539 2 1
1534 1 1
1502 1 1
1522 2 1
1533 2 1
1546 2 1
1520 1 1
1532 2 1
1507 1 1
1517 1 1
1526 1 1
1503 2 1
1510 1 1
1527 2 1
1513 2 1
1501 1 1
1503 1 1
1514 2 1
1522 1 1
1548 2 1
1519 2 1
1511 2 1
1501 2 1
1542 2 1
1500 2 1
1500 1 1
1517 1 1
1545 2 1
1521 2 1
1537 2 1
1534 1 1
1541 1 1
1537 1 1
1515 1 1
1544 2 1
1528 2 1
1512 2 1
1542 1 1
1517 2 1
1542 2 1
1547 2 1
1537 1 1
1503 1 1
1506 1 1
1529 2 1
1502 1 1
1504 1 1
1521 2 1
1524 2 1
1549 2 1
1535 1 1
1517 2 1
1504 1 1
1529 1 1
1512 1 1
1547 1 1
1536 2 1
1503 2 1
1527 1 1
1546 1 1
1532 1 1
1524 2 1
1532 2 1
1532 2 1
1535 1 1
1549 2 1
1543 1 1
1504 2 1
1500 1 1
1518 1 1
1501 2 1
1539 2 1
1500 2 1
1533 1 1
1546 2 1
1546 2 1
1545 1 1
1504 1 1
1519 2 1
1535 2 1
1520 1 1
1544 2 1
1505 2 1
1506 1 1
1541 2 1
1500 2 1
1512 1 1
1502 1 1
1512 1 1
1500 2 1
1520 1 1
1514 2 1
1532 1 1
1543 1 1
1538 1 1
1519 1 1
1520 2 1
1548 2 1
1503 2 1
1512 2 1
1518 1 1
1538 2 1
1543 2 1
1537 1 1
1504 1 1
1529 1 1
1525 2 1
1532 2 1
1527 1 1
1527 1 1
1525 1 1
1540 1 1
1547 2 1
1510 2 1
1503 2 1
1524 1 1
1535 1 1
1523 1 1
1523 2 1
1541 2 1
1514 2 1
1523 2 1
1535 1 1
1528 2 1
1509 2 1
1540 1 1
1504 2 1
1543 2 1
1512 2 1
1542 1 1
1542 1 1
1514 2 1
1516 1 1
1549 1 1
1531 2 1
1514 2 1
1543 2 1
1539 2 1
1509 2 1
1512 1 1
1529 1 1
1501 1 1
1512 1 1
1533 1 1
1507 1 1
1526 2 1
1535 1 1
1517 2 1
1520 2 1
1508 2 1
1532 2 1
1523 1 1
1546 1 1
1515 2 1
1524 2 1
1532 2 1
1501 2 1
1511 2 1
1535 1 1
1518 2 1
1512 1 1
1525 1 1
1532 2 1
1522 2 1
1501 1 1
1526 2 1
1518 1 1
1516 1 1
1523 1 1
1541 2 1
1520 2 1
1531 1 1
1523 1 1
1538 2 1
1548 2 1
1540 2 1
1539 2 1
1538 2 1
1517 2 1
1531 2 1
1534 1 1
1532 2 1
1523 1 1
1543 2 1
1512 1 1
1506 1 1
1508 2 1
1505 2 1
1543 1 1
1516 1 1
1536 2 1
1540 2 1
1528 1 1
1527 2 1
1509 1 1
1548 2 1
1508 2 1
1501 2 1
1507 2 1
1503 1 1
1514 1 1
1530 2 1
1513 1 1
1516 2 1
1527 2 1
1532 1 1
1537 2 1
1540 2 1
1543 1 1
1506 2 1
1541 1 1
1544 1 1
1547 1 1
1543 2 1
1519 1 1
1531 2 1
1516 2 1
1540 1 1
1509 2 1
1543 1 1
1507 2 1
1519 2 1
1541 2 1
1518 2 1
1511 2 1
1525 2 1
1527 2 1
1521 2 1
1541 2 1
1535 1 1
1536 1 1
1539 1 1
1518 2 1
1537 2 1
1504 1 1
1515 1 1
1514 1 1
1513 2 1
1501 1 1
1530 1 1
1508 2 1
1512 2 1
1505 1 1
1502 1 1
1546 1 1
1536 2 1
1506 1 1
1531 1 1
1526 1 1
1529 1 1
1527 2 1
1542 2 1
1528 1 1
1548 2 1
1538 2 1
1500 2 1
1530 2 1
1515 1 1
1540 1 1
1538 1 1
1521 1 1
1522 1 1
1525 1 1
1520 1 1
1541 1 1
1522 1 1
1516 1 1
1537 2 1
1517 2 1
1543 2 1
1508 1 1
1536 1 1
1522 2 1
1531 2 1
1501 2 1
1533 2 1
1503 1 1
1521 2 1
1538 1 1
1523 1 1
1531 2 1
1503 1 1
1501 1 1
1512 1 1
1512 1 1
1530 1 1
1515 2 1
1513 2 1
1543 1 1
1542 1 1
1502 2 1
1507 2 1
1501 1 1
1541 2 1
1544 1 1
1538 2 1
1535 2 1
1530 1 1
1504 1 1
1545 2 1
1544 2 1
1516 2 1
1530 2 1
1523 2 1
1537 2 1
1510 2 1
1513 2 1
1515 2 1
1537 1 1
1511 2 1
1537 2 1
1501 2 1
1520 2 1
1523 2 1
1501 2 1
1500 1 1
1511 2 1
1514 1 1
1541 2 1
1521 2 1
1533 1 1
1518 2 1
1549 1 1
1544 1 1
1535 2 1
1506 2 1
1514 1 1
1525 1 1
1538 2 1
1524 1 1
1502 2 1
1519 1 1
1545 2 1
1512 2 1
1502 2 1
1533 2 1
1524 2 1
1545 2 1
1547 1 1
1512 1 1
1518 1 1
1518 1 1
1503 2 1
1545 1 1
1525 2 1
1535 2 1
1548 1 1
1500 1 1
1545 2 1
1542 2 1
1521 2 1
1502 2 1
1506 2 1
1523 2 1
1503 1 1
1507 2 1
1526 2 1
1510 1 1
1520 1 1
1541 2 1
1520 1 1
1514 1 1
1515 2 1
1504 1 1
1510 2 1
1525 2 1
1548 1 1
1549 1 1
1537 2 1
1514 2 1
1537 1 1
1534 1 1
1534 2 1
1505 2 1
1527 1 1
1549 2 1
1504 2 1
1500 2 1
1546 1 1
1541 1 1
1520 1 1
1528 2 1
1539 1 1
1515 2 1
1513 2 1
1533 1 1
1532 1 1
1512 1 1
1513 1 1
1515 2 1
1518 1 1
1533 2 1
1533 1 1
1549 2 1
1547 1 1
1509 1 1
1539 1 1
1535 2 1
1535 2 1
1511 1 1
1529 2 1
1545 2 1
1539 2 1
1545 2 1
1505 1 1
1500 1 1
1525 1 1
1543 2 1
1525 1 1
1548 2 1
1530 2 1
1519 2 1
1520 2 1
1532 1 1
1537 2 1
1544 2 1
1544 1 1
1546 1 1
1540 1 1
1535 2 1
1514 1 1
1518 1 1
1511 2 1
1545 2 1
1533 1 1
1538 2 1
1535 2 1
1500 1 1
1540 2 1
1504 1 1
1517 1 1
1502 2 1
1520 2 1
1517 2 1
1505 2 1
1537 1 1
1532 2 1
1530 1 1
1538 2 1
1503 1 1
1510 1 1
1523 1 1
1538 1 1
1512 2 1
1501 1 1
1518 2 1
1531 1 1
1530 1 1
1518 1 1
1506 2 1
1549 1 1
1505 1 1
1500 2 1
1547 1 1
1534 1 1
1538 2 1
1540 1 1
1527 2 1
1549 1 1
1504 2 1
1532 1 1
1526 2 1
1516 1 1
1533 1 1
1548 2 1
1509 2 1
1541 1 1
1541 2 1
1523 1 1
1543 1 1
1516 1 1
1545 1 1
1527 1 1
1505 1 1
1541 2 1
1516 2 1
1515 1 1
1546 1 1
1526 2 1
1519 2 1
1522 2 1
1525 2 1
1545 1 1
1501 2 1
1542 1 1
1513 2 1
1511 2 1
1526 1 1
1524 2 1
1512 2 1
1508 1 1
1548 2 1
1516 1 1
1531 1 1
1500 2 1
1548 2 1
1534 2 1
1517 2 1
1531 1 1
1537 2 1
1529 2 1
1516 1 1
1549 2 1
1546 1 1
1548 1 1
1538 1 1
1525 2 1
1510 2 1
1500 2 1
1530 1 1
1527 1 1
1525 1 1
1542 2 1
1516 1 1
1514 1 1
1535 1 1
1526 2 1
1546 2 1
1527 2 1
1537 2 1
1537 2 1
1521 1 1
1534 2 1
1530 1 1
1532 1 1
1513 1 1
1509 2 1
1508 2 1
1528 2 1
1501 2 1
1531 2 1
1534 1 1
1538 2 1
1545 1 1
1523 2 1
1515 1 1
1509 2 1
1533 1 1
1511 1 1
1538 1 1
1526 2 1
1530 2 1
1518 1 1
1507 2 1
1501 1 1
1539 1 1
1528 1 1
1537 1 1
1505 2 1
1507 1 1
1535 2 1
1549 1 1
1535 1 1
1549 1 1
1514 1 1
1527 2 1
1548 1 1
1502 1 1
1543 1 1
1546 1 1
1537 2 1
1525 2 1
1543 2 1
1546 1 1
1520 2 1
1525 1 1
1524 1 1
1536 2 1
1532 1 1
1504 2 1
1519 2 1
1511 2 1
1513 1 1
1528 2 1
1523 1 1
1531 1 1
1532 1 1
1507 2 1
1523 1 1
1533 1 1
1536 1 1
1524 1 1
1523 2 1
1508 1 1
1520 2 1
1509 1 1
1518 2 1
1502 1 1
1536 2 1
1509 1 1
1542 1 1
1520 1 1
1531 2 1
1500 2 1
1505 1 1
1501 2 1
1545 2 1
1500 2 1
1525 1 1
1549 2 1
1535 2 1
1530 2 1
1520 1 1
1511 1 1
1500 2 1
1548 1 1
1508 1 1
1538 2 1
1543 2 1
1532 2 1
1521 1 1
1520 1 1
1519 1 1
1512 2 1
1544 1 1
1542 2 1
1530 1 1
1511 1 1
1515 2 1
1549 1 1
1532 1 1
1512 1 1
1541 2 1
1527 2 1
1530 2 1
1537 2 1
1537 1 1
1527 2 1
1532 2 1
1519 1 1
1510 2 1
1520 1 1
1539 2 1
1505 2 1
1532 1 1
1530 1 1
1537 1 1
1522 1 1
1514 1 1
1510 1 1
1535 2 1
1526 1 1
1522 1 1
1527 1 1
1525 2 1
1546 2 1
1501 2 1
1547 1 1
1535 1 1
1536 2 1
1528 1 1
1549 2 1
1508 2 1
1526 1 1
1546 2 1
1527 2 1
1537 2 1
1500 2 1
1527 2 1
1538 1 1
1521 2 1
1506 2 1
1516 1 1
1525 1 1
1533 1 1
1509 2 1
1545 1 1
1532 1 1
1513 1 1
1510 1 1
1510 1 1
1506 1 1
1546 1 1
1519 1 1
1534 1 1
1530 1 1
1543 2 1
1540 2 1
1500 1 1
1519 2 1
1505 2 1
1529 2 1
1509 1 1
1543 2 1
1533 2 1
1509 2 1
1542 1 1
1503 1 1
1506 2 1
1500 2 1
1527 2 1
1526 1 1
1531 2 1
1510 2 1
1533 2 1
1544 1 1
1535 2 1
1536 1 1
1544 1 1
1546 1 1
1516 2 1
1526 1 1
1548 2 1
1524 1 1
1545 1 1
1537 2 1
1508 1 1
1545 1 1
1509 1 1
1523 2 1
1543 1 1
1518 2 1
1527 1 1
1500 2 1
1527 1 1
1515 2 1
1526 2 1
1527 1 1
1533 2 1
1513 1 1
1540 2 1
1548 2 1
1525 1 1
1523 2 1
1532 2 1
1507 2 1
1511 2 1
1539 1 1
1517 1 1
1530 1 1
1517 2 1
1548 2 1
1548 2 1
1530 2 1
1533 1 1
1541 1 1
1536 2 1
1510 2 1
1514 1 1
1548 1 1
1508 1 1
1539 1 1
1500 1 1
1508 2 1
1523 2 1
1530 2 1
1504 1 1
1524 2 1
1527 2 1
1538 2 1
1505 1 1
1536 2 1
1527 1 1
1508 2 1
1541 1 1
1539 2 1
1544 1 1
1545 2 1
1522 1 1
1522 2 1
1547 1 1
1506 1 1
1517 2 1
1503 1 1
1529 1 1
1536 2 1
1520 2 1
1521 1 1
1542 2 1
1518 1 1
1507 1 1
1501 1 1
1547 2 1
1517 1 1
1542 1 1
1549 2 1
1544 2 1
1514 1 1
1545 2 1
1547 1 1
1536 1 1
1540 2 1
1548 1 1
1519 2 1
1537 2 1
1540 2 1
1545 2 1
1520 1 1
1505 2 1
1501 2 1
1538 1 1
1538 2 1
1515 1 1
1524 1 1
1548 2 1
1521 2 1
1515 1 1
1504 1 1
1543 1 1
1524 1 1
1528 1 1
1538 1 1
1523 1 1
1516 1 1
1526 2 1
1503 2 1
1522 2 1
1537 1 1
1528 1 1
1544 1 1
1534 2 1
1500 1 1
1511 2 1
1527 2 1
1512 2 1
1506 1 1
1509 1 1
1540 2 1
1507 2 1
1544 1 1
1534 1 1
1503 2 1
1510 2 1
1532 1 1
1539 1 1
1513 2 1
1513 2 1
1548 2 1
1540 1 1
1548 1 1
1526 2 1
1527 1 1
1520 2 1
1548 2 1
1516 1 1
1540 2 1
1502 1 1
1526 2 1
1546 1 1
1536 2 1
1513 1 1
1537 1 1
1526 2 1
1510 2 1
1535 1 1
1529 2 1
1537 2 1
1544 1 1
1525 2 1
1505 2 1
1533 1 1
1525 2 1
1535 2 1
1514 1 1
1526 2 1
1516 2 1
1523 2 1
1503 2 1
1500 1 1
1513 1 1
1510 1 1
1510 2 1
1535 2 1
1546 1 1
1519 1 1
1511 2 1
1540 1 1
1534 1 1
1510 2 1
1512 1 1
1531 2 1
1538 1 1
1519 1 1
1502 1 1
1525 2 1
1537 1 1
1531 1 1
1540 2 1
1509 1 1
1526 2 1
1510 1 1
1528 2 1
1539 1 1
1504 2 1
1513 1 1
1546 2 1
1523 2 1
1502 1 1
1521 2 1
1538 2 1
1512 1 1
1528 2 1
1527 2 1
1540 2 1
1543 2 1
1508 2 1
1527 1 1
1539 1 1
1549 1 1
1542 2 1
1504 1 1
1526 1 1
1548 2 1
1525 1 1
1548 1 1
1517 2 1
1518 1 1
1512 2 1
1517 1 1
1540 2 1
1514 1 1
1532 2 1
1548 2 1
1523 2 1
1517 2 1
1547 1 1
1538 1 1
1544 1 1
1505 2 1
1520 1 1
1537 2 1
1530 2 1
1503 1 1
1504 1 1
1547 2 1
1512 2 1
1505 2 1
1541 1 1
1517 2 1
1544 1 1
1529 1 1
1544 1 1
1505 1 1
1528 1 1
1503 2 1
1539 1 1
1538 2 1
1514 2 1
1525 1 1
1547 2 1
1515 1 1
1523 1 1
1505 2 1
1541 2 1
1527 1 1
1532 2 1
1534 2 1
1549 1 1
1512 1 1
1504 2 1
1508 1 1
1514 2 1
1507 2 1
1541 1 1
1526 1 1
1519 1 1
1504 1 1
1508 2 1
1537 2 1
1541 2 1
1525 2 1
1538 2 1
1534 2 1
1502 2 1
1515 2 1
1515 1 1
1531 2 1
1544 1 1
1527 2 1
1535 2 1
1515 2 1
1519 1 1
1529 2 1
1501 2 1
1538 2 1
1513 2 1
1536 2 1
1505 2 1
1511 1 1
1538 2 1
1523 1 1
1503 1 1
1536 1 1
1546 2 1
1502 1 1
1532 1 1
1519 2 1
1505 1 1
1505 1 1
1538 1 1
1513 2 1
1535 1 1
1538 1 1
1515 2 1
1518 1 1
1528 1 1
1541 2 1
1531 2 1
1503 2 1
1518 2 1
1517 1 1
1525 2 1
1528 1 1
1541 1 1
1527 1 1
1536 1 1
1516 1 1
1513 1 1
1543 1 1
1517 2 1
1536 1 1
1524 1 1
1508 1 1
1521 1 1
1543 2 1
1528 1 1
1543 2 1
1535 1 1
1535 1 1
1504 1 1
1500 1 1
1548 1 1
1535 1 1
1521 2 1
1543 1 1
1523 1 1
1517 2 1
1516 2 1
1515 1 1
1537 2 1
1521 2 1
1508 1 1
1546 2 1
1533 1 1
1515 2 1
1525 1 1
1549 2 1
1508 1 1
1525 2 1
1517 1 1
1501 2 1
1547 2 1
1543 2 1
1539 2 1
1503 1 1
1521 1 1
1534 2 1
1540 2 1
1548 1 1
1525 1 1
1528 2 1
1513 2 1
1528 1 1
1534 2 1
1508 2 1
1526 1 1
1544 2 1
1538 1 1
1535 1 1
1513 2 1
1512 1 1
1515 1 1
1542 1 1
1540 2 1
1502 1 1
1501 1 1
1514 2 1
1516 1 1
1514 1 1
1511 1 1
1537 1 1
1522 2 1
1548 1 1
1509 2 1
1524 2 1
1525 2 1
1531 2 1
1513 1 1
1543 1 1
1508 1 1
1507 1 1
1500 2 1
1533 2 1
1544 1 1
1541 2 1
1524 2 1
1501 1 1
1546 2 1
1510 2 1
1541 2 1
1526 2 1
1530 2 1
1517 2 1
1508 1 1
1515 2 1
1511 2 1
1519 1 1
1542 1 1
1544 1 1
1509 2 1
1541 2 1
1507 1 1
1520 1 1
1539 2 1
1522 2 1
1513 2 1
1527 1 1
1514 1 1
1526 1 1
1542 2 1
1525 2 1
1512 1 1
1538 2 1
1536 2 1
1506 1 1
1540 2 1
1545 2 1
1546 1 1
1534 2 1
1509 2 1
1546 1 1
1542 2 1
1544 1 1
1529 2 1
1516 2 1
1528 2 1
1532 1 1
1531 2 1
1503 2 1
1537 1 1
1546 2 1
1534 2 1
1502 2 1
1508 2 1
1546 2 1
1530 1 1
1526 1 1
1505 2 1
1544 1 1
1516 1 1
1544 2 1
1538 1 1
1534 1 1
1533 2 1
1513 1 1
1531 2 1
1518 2 1
1533 2 1
1510 1 1
1546 1 1
1545 1 1
1510 2 1
1506 1 1
1504 1 1
1543 2 1
1540 2 1
1548 1 1
1536 2 1
1509 1 1
1532 2 1
1506 2 1
1510 2 1
1518 1 1
1518 1 1
1533 2 1
1544 1 1
1519 2 1
1524 1 1
1546 1 1
1532 2 1
1541 2 1
1509 2 1
1537 1 1
1514 2 1
1506 1 1
1512 2 1
1518 2 1
1529 2 1
1537 1 1
1533 2 1
1538 1 1
1520 1 1
1504 1 1
1529 2 1
1509 2 1
1521 1 1
1541 1 1
1507 2 1
1516 1 1
1514 2 1
1520 1 1
1506 1 1
1534 2 1
1542 2 1
1501 1 1
1524 1 1
1506 2 1
1509 2 1
1525 1 1
1500 2 1
1503 1 1
1519 2 1
1542 2 1
1539 2 1
1542 2 1
1530 1 1
1513 2 1
1547 2 1
1507 2 1
1524 1 1
1535 1 1
1536 2 1
1517 1 1
1546 1 1
1548 1 1
1511 2 1
1543 2 1
1523 2 1
1528 2 1
1542 2 1
1538 1 1
1537 2 1
1500 1 1
1517 2 1
1539 2 1
1546 2 1
1513 2 1
1514 1 1
1540 1 1
1515 1 1
1549 1 1
1502 2 1
1535 1 1
1548 2 1
1531 1 1
1520 1 1
1513 1 1
1531 2 1
1541 2 1
1532 2 1
1516 2 1
1513 1 1
1547 1 1
1521 1 1
1535 1 1
1534 2 1
1532 1 1
1516 2 1
1509 1 1
1522 2 1
1522 1 1
1507 2 1
1521 1 1
1502 1 1
1502 2 1
1543 1 1
1541 1 1
1532 2 1
1527 2 1
1533 1 1
1504 2 1
1524 2 1
1515 2 1
1527 1 1
1527 1 1
1512 2 1
1532 1 1
1544 1 1
1505 2 1
1547 2 1
1545 1 1
1547 1 1
1549 2 1
1542 1 1
1529 1 1
1514 1 1
1526 2 1
1534 2 1
1540 1 1
1526 2 1
1515 1 1
1530 1 1
1527 2 1
1531 2 1
1518 2 1
1505 1 1
1514 1 1
1512 1 1
1528 1 1
1514 1 1
1545 2 1
1526 2 1
1520 1 1
1548 2 1
1508 2 1
1503 1 1
1501 1 1
1508 2 1
1543 2 1
1524 2 1
1502 2 1
1522 2 1
1509 2 1
1504 1 1
1528 1 1
1504 1 1
1516 2 1
1530 1 1
1514 2 1
1520 1 1
1528 1 1
1500 2 1
1512 2 1
1541 1 1
1515 1 1
1543 2 1
1547 2 1
1525 2 1
1507 2 1
1538 2 1
1520 1 1
1502 1 1
1536 2 1
1523 2 1
1524 1 1
1517 2 1
1500 1 1
1541 2 1
1510 1 1
1514 2 1
1524 2 1
1540 2 1
1528 2 1
1537 2 1
1538 1 1
1547 2 1
1520 1 1
1547 2 1
1530 2 1
1547 1 1
1533 1 1
1524 1 1
1548 2 1
1518 1 1
1537 2 1
1535 2 1
1504 2 1
1537 1 1
1547 1 1
1538 2 1
1516 2 1
1531 1 1
1519 1 1
1509 2 1
1522 1 1
1501 1 1
1538 1 1
1507 2 1
1509 2 1
1521 2 1
1506 1 1
1540 2 1
1523 1 1
1537 1 1
1516 2 1
1502 1 1
1504 1 1
1538 2 1
1500 1 1
1547 1 1
1506 2 1
1543 2 1
1521 1 1
1538 2 1
1505 1 1
1525 2 1
1544 1 1
1525 2 1
1516 1 1
1543 2 1
1539 1 1
1523 1 1
1547 2 1
1537 2 1
1549 2 1
1548 1 1
1508 1 1
1505 2 1
1548 1 1
1516 1 1
1507 1 1
1504 2 1
1545 1 1
1518 2 1
1532 1 1
1543 1 1
1506 2 1
1530 2 1
1525 2 1
1507 2 1
1500 1 1
1534 2 1
1500 2 1
1514 1 1
1517 1 1
1544 1 1
1536 2 1
1517 1 1
1538 1 1
1503 1 1
1537 2 1
1523 1 1
1541 2 1
1512 1 1
1535 2 1
1534 2 1
1544 2 1
1529 2 1
1528 1 1
1515 1 1
1508 2 1
1538 2 1
1530 1 1
1537 2 1
1548 1 1
1509 2 1
1517 1 1
1536 2 1
1535 2 1
1515 1 1
1505 2 1
1548 2 1
1528 2 1
1538 2 1
1515 1 1
1539 2 1
1521 1 1
1534 2 1
1543 1 1
1522 2 1
1521 2 1
1500 1 1
1539 1 1
1520 2 1
1542 2 1
1548 2 1
1501 1 1
1518 2 1
1523 1 1
1515 2 1
1519 1 1
1544 1 1
1537 1 1
1517 1 1
1532 2 1
1546 1 1
1533 1 1
1524 2 1
1534 1 1
1512 2 1
1537 1 1
1520 2 1
1516 1 1
1509 1 1
1534 1 1
1534 1 1
1519 1 1
1544 2 1
1522 2 1
1539 2 1
1532 2 1
1535 1 1
1512 2 1
1528 2 1
1540 2 1
1549 1 1
1545 1 1
1525 1 1
1515 2 1
1535 2 1
1544 2 1
1501 1 1
1521 2 1
1501 2 1
1540 2 1
1501 2 1
1517 2 1
1528 1 1
1521 1 1
1509 2 1
1503 2 1
1517 1 1
1536 2 1
1523 1 1
1545 1 1
1531 1 1
1508 2 1
1504 2 1
1501 1 1
1544 2 1
1540 2 1
1522 1 1
1505 2 1
1518 2 1
1501 1 1
1531 2 1
1544 1 1
1504 2 1
1536 1 1
1540 2 1
1516 1 1
1513 1 1
1508 1 1
1533 2 1
1503 2 1
1534 2 1
1503 2 1
1534 1 1
1520 1 1
1530 2 1
1532 1 1
1542 2 1
1512 2 1
1529 1 1
1534 1 1
1537 1 1
1526 1 1
1545 2 1
1500 2 1
1509 1 1
1549 1 1
1549 2 1
1545 1 1
1525 1 1
1549 2 1
1534 1 1
1507 1 1
1539 1 1
1523 2 1
1547 1 1
1536 2 1
1539 2 1
1521 1 1
1530 2 1
1503 1 1
1538 1 1
1517 1 1
1520 2 1
1530 2 1
1528 1 1
1547 1 1
1510 2 1
1504 1 1
1537 2 1
1545 1 1
1544 1 1
1500 2 1
1506 1 1
1532 1 1
1531 1 1
1518 1 1
1543 1 1
1548 2 1
1523 1 1
1525 1 1
1512 2 1
1519 2 1
1529 1 1
1517 2 1
1514 1 1
1545 2 1
1540 2 1
1516 2 1
1533 1 1
1536 1 1
1514 1 1
1531 2 1
1547 1 1
1518 2 1
1504 2 1
1543 2 1
1545 1 1
1501 2 1
1515 1 1
1540 2 1
1537 2 1
1508 1 1
1522 1 1
1506 1 1
1511 1 1
1531 2 1
1515 2 1
1530 2 1
1504 2 1
1520 1 1
1527 1 1
1532 1 1
1529 2 1
1517 2 1
1545 1 1
1517 2 1
1500 2 1
1500 2 1
1545 1 1
1512 2 1
1516 1 1
1513 1 1
1547 1 1
1548 2 1
1520 2 1
1511 1 1
1534 1 1
1542 1 1
1547 1 1
1536 2 1
1541 1 1
1544 1 1
1503 2 1
